1100.0 ,0.004972,,,,
1099.8 ,0.000607,,,,
1099.6 ,0.007281,,,,
1099.4 ,0.004087,,,,
1099.2 ,0.005913,,,,
1099.0 ,0.004143,,,,
1098.8 ,0.007215,,,,
1098.6 ,0.005142,,,,
1098.4 ,0.005064,,,,
1098.2 ,0.007262,,,,
1098.0 ,0.007491,,,,
1097.8 ,0.004221,,,,
1097.6 ,0.007459,,,,
1097.4 ,0.00566,,,,
1097.2 ,0.008185,,,,
1097.0 ,0.007068,,,,
1096.8 ,0.007484,,,,
1096.6 ,0.004298,,,,
1096.4 ,0.007475,,,,
1096.2 ,0.011009,,,,
1096.0 ,0.006436,,,,
1095.8 ,0.003567,,,,
1095.6 ,0.007774,,,,
1095.4 ,0.004506,,,,
1095.2 ,0.006243,,,,
1095.0 ,0.005431,,,,
1094.8 ,0.00939,,,,
1094.6 ,0.009523,,,,
1094.4 ,0.006597,,,,
1094.2 ,0.006483,,,,
1094.0 ,0.00833,,,,
1093.8 ,0.009377,,,,
1093.6 ,0.010925,,,,
1093.4 ,0.008222,,,,
1093.2 ,0.006258,,,,
1093.0 ,0.00688,,,,
1092.8 ,0.0094,,,,
1092.6 ,0.01045,,,,
1092.4 ,0.009835,,,,
1092.2 ,0.008747,,,,
1092.0 ,0.010426,,,,
1091.8 ,0.007298,,,,
1091.6 ,0.012589,,,,
1091.4 ,0.007936,,,,
1091.2 ,0.006302,,,,
1091.0 ,0.010345,,,,
1090.8 ,0.004879,,,,
1090.6 ,0.008219,,,,
1090.4 ,0.00894,,,,
1090.2 ,0.011093,,,,
1090.0 ,0.009102,,,,
1089.8 ,0.008604,,,,
1089.6 ,0.012022,,,,
1089.4 ,0.009724,,,,
1089.2 ,0.009946,,,,
1089.0 ,0.009702,,,,
1088.8 ,0.010311,,,,
1088.6 ,0.010334,,,,
1088.4 ,0.004447,,,,
1088.2 ,0.008442,,,,
1088.0 ,0.008689,,,,
1087.8 ,0.012354,,,,
1087.6 ,0.007595,,,,
1087.4 ,0.007661,,,,
1087.2 ,0.007287,,,,
1087.0 ,0.007742,,,,
1086.8 ,0.007624,,,,
1086.6 ,0.007634,,,,
1086.4 ,0.007401,,,,
1086.2 ,0.010706,,,,
1086.0 ,0.006853,,,,
1085.8 ,0.007519,,,,
1085.6 ,0.008532,,,,
1085.4 ,0.007005,,,,
1085.2 ,0.009108,,,,
1085.0 ,0.006733,,,,
1084.8 ,0.007476,,,,
1084.6 ,0.007772,,,,
1084.4 ,0.009092,,,,
1084.2 ,0.007904,,,,
1084.0 ,0.007353,,,,
1083.8 ,0.007963,,,,
1083.6 ,0.004865,,,,
1083.4 ,0.005827,,,,
1083.2 ,0.007514,,,,
1083.0 ,0.004315,,,,
1082.8 ,0.007125,,,,
1082.6 ,0.008447,,,,
1082.4 ,0.0056,,,,
1082.2 ,0.007949,,,,
1082.0 ,0.008361,,,,
1081.8 ,0.005092,,,,
1081.6 ,0.004896,,,,
1081.4 ,0.007817,,,,
1081.2 ,0.00714,,,,
1081.0 ,0.009111,,,,
1080.8 ,0.002308,,,,
1080.6 ,0.00598,,,,
1080.4 ,0.007611,,,,
1080.2 ,0.006176,,,,
1080.0 ,0.007627,,,,
1079.8 ,0.004936,,,,
1079.6 ,0.006579,,,,
1079.4 ,0.006074,,,,
1079.2 ,0.00645,,,,
1079.0 ,0.002802,,,,
1078.8 ,0.005875,,,,
1078.6 ,0.005835,,,,
1078.4 ,0.005722,,,,
1078.2 ,0.007379,,,,
1078.0 ,0.006673,,,,
1077.8 ,0.007443,,,,
1077.6 ,0.003525,,,,
1077.4 ,0.003996,,,,
1077.2 ,0.007075,,,,
1077.0 ,0.003191,,,,
1076.8 ,0.007137,,,,
1076.6 ,0.002899,,,,
1076.4 ,0.004736,,,,
1076.2 ,0.003393,,,,
1076.0 ,0.002408,,,,
1075.8 ,0.004623,,,,
1075.6 ,0.003719,,,,
1075.4 ,0.002308,,,,
1075.2 ,0.004738,,,,
1075.0 ,0.005532,,,,
1074.8 ,0.003604,,,,
1074.6 ,0.004001,,,,
1074.4 ,0.00407,,,,
1074.2 ,0.005076,,,,
1074.0 ,0.00608,,,,
1073.8 ,0.005596,,,,
1073.6 ,0.006464,,,,
1073.4 ,0.004194,,,,
1073.2 ,0.003023,,,,
1073.0 ,0.002692,,,,
1072.8 ,0.008077,,,,
1072.6 ,0.005397,,,,
1072.4 ,0.006694,,,,
1072.2 ,0.006887,,,,
1072.0 ,0.003264,,,,
1071.8 ,0.005215,,,,
1071.6 ,0.001393,,,,
1071.4 ,0.006469,,,,
1071.2 ,0.00276,,,,
1071.0 ,0.003105,,,,
1070.8 ,0.007134,,,,
1070.6 ,0.003475,,,,
1070.4 ,0.003866,,,,
1070.2 ,0.002656,,,,
1070.0 ,0.004292,,,,
1069.8 ,0.005273,,,,
1069.6 ,0.007677,,,,
1069.4 ,0.005423,,,,
1069.2 ,0.001805,,,,
1069.0 ,0.003197,,,,
1068.8 ,0.004429,,,,
1068.6 ,0.004036,,,,
1068.4 ,0.003685,,,,
1068.2 ,0.002769,,,,
1068.0 ,0.003952,,,,
1067.8 ,0.00438,,,,
1067.6 ,0.004823,,,,
1067.4 ,0.005534,,,,
1067.2 ,0.004905,,,,
1067.0 ,0.003647,,,,
1066.8 ,0.017156,,,,
1066.6 ,0.002468,,,,
1066.4 ,0.005712,,,,
1066.2 ,0.007343,,,,
1066.0 ,0.003227,,,,
1065.8 ,0.008046,,,,
1065.6 ,0.005732,,,,
1065.4 ,0.004819,,,,
1065.2 ,0.007331,,,,
1065.0 ,0.005375,,,,
1064.8 ,0.008148,,,,
1064.6 ,0.005579,,,,
1064.4 ,0.007315,,,,
1064.2 ,0.005975,,,,
1064.0 ,0.001569,,,,
1063.8 ,0.009308,,,,
1063.6 ,0.002327,,,,
1063.4 ,0.004205,,,,
1063.2 ,0.005896,,,,
1063.0 ,0.003317,,,,
1062.8 ,0.006253,,,,
1062.6 ,0.006529,,,,
1062.4 ,0.002143,,,,
1062.2 ,0.005153,,,,
1062.0 ,0.003208,,,,
1061.8 ,0.002623,,,,
1061.6 ,0.005468,,,,
1061.4 ,0.000997,,,,
1061.2 ,0.005438,,,,
1061.0 ,0.006996,,,,
1060.8 ,0.004339,,,,
1060.6 ,0.007242,,,,
1060.4 ,0.007725,,,,
1060.2 ,0.008725,,,,
1060.0 ,0.006547,,,,
1059.8 ,0.004841,,,,
1059.6 ,0.003213,,,,
1059.4 ,0.008166,,,,
1059.2 ,0.005303,,,,
1059.0 ,0.005761,,,,
1058.8 ,0.005563,,,,
1058.6 ,0.006776,,,,
1058.4 ,0.004148,,,,
1058.2 ,0.006432,,,,
1058.0 ,0.006435,,,,
1057.8 ,0.00888,,,,
1057.6 ,0.005298,,,,
1057.4 ,0.005826,,,,
1057.2 ,0.008815,,,,
1057.0 ,0.006019,,,,
1056.8 ,0.006767,,,,
1056.6 ,0.004117,,,,
1056.4 ,0.007089,,,,
1056.2 ,0.007539,,,,
1056.0 ,0.00372,,,,
1055.8 ,0.005536,,,,
1055.6 ,0.001146,,,,
1055.4 ,0.007797,,,,
1055.2 ,0.005435,,,,
1055.0 ,0.005916,,,,
1054.8 ,0.006568,,,,
1054.6 ,0.004667,,,,
1054.4 ,0.003885,,,,
1054.2 ,0.004676,,,,
1054.0 ,0.004217,,,,
1053.8 ,0.006297,,,,
1053.6 ,0.004766,,,,
1053.4 ,0.005136,,,,
1053.2 ,0.008349,,,,
1053.0 ,0.001165,,,,
1052.8 ,0.006349,,,,
1052.6 ,0.006189,,,,
1052.4 ,0.007288,,,,
1052.2 ,0.005523,,,,
1052.0 ,0.008344,,,,
1051.8 ,0.003566,,,,
1051.6 ,0.008791,,,,
1051.4 ,0.007004,,,,
1051.2 ,0.005079,,,,
1051.0 ,0.006779,,,,
1050.8 ,0.006325,,,,
1050.6 ,0.007281,,,,
1050.4 ,0.007946,,,,
1050.2 ,0.006068,,,,
1050.0 ,0.00829,,,,
1049.8 ,0.008384,,,,
1049.6 ,0.004512,,,,
1049.4 ,0.0064,,,,
1049.2 ,0.008259,,,,
1049.0 ,0.00534,,,,
1048.8 ,0.00971,,,,
1048.6 ,0.009753,,,,
1048.4 ,0.005235,,,,
1048.2 ,0.009773,,,,
1048.0 ,0.006567,,,,
1047.8 ,0.004722,,,,
1047.6 ,0.009829,,,,
1047.4 ,0.009858,,,,
1047.2 ,0.009746,,,,
1047.0 ,0.008342,,,,
1046.8 ,0.010013,,,,
1046.6 ,0.010863,,,,
1046.4 ,0.011829,,,,
1046.2 ,0.00848,,,,
1046.0 ,0.009424,,,,
1045.8 ,0.009088,,,,
1045.6 ,0.009714,,,,
1045.4 ,0.011121,,,,
1045.2 ,0.013871,,,,
1045.0 ,0.008785,,,,
1044.8 ,0.008123,,,,
1044.6 ,0.01135,,,,
1044.4 ,0.00792,,,,
1044.2 ,0.010827,,,,
1044.0 ,0.01288,,,,
1043.8 ,0.012949,,,,
1043.6 ,0.014046,,,,
1043.4 ,0.011076,,,,
1043.2 ,0.013799,,,,
1043.0 ,0.010401,,,,
1042.8 ,0.012476,,,,
1042.6 ,0.013761,,,,
1042.4 ,0.012185,,,,
1042.2 ,0.013256,,,,
1042.0 ,0.01266,,,,
1041.8 ,0.009622,,,,
1041.6 ,0.008422,,,,
1041.4 ,0.011407,,,,
1041.2 ,0.010961,,,,
1041.0 ,0.007203,,,,
1040.8 ,0.010567,,,,
1040.6 ,0.013067,,,,
1040.4 ,0.013568,,,,
1040.2 ,0.010024,,,,
1040.0 ,0.005679,,,,
1039.8 ,0.007983,,,,
1039.6 ,0.012125,,,,
1039.4 ,0.008171,,,,
1039.2 ,0.007504,,,,
1039.0 ,0.011528,,,,
1038.8 ,0.009255,,,,
1038.6 ,0.009737,,,,
1038.4 ,0.00897,,,,
1038.2 ,0.006693,,,,
1038.0 ,0.011203,,,,
1037.8 ,0.010085,,,,
1037.6 ,0.01074,,,,
1037.4 ,0.009601,,,,
1037.2 ,0.007732,,,,
1037.0 ,0.008552,,,,
1036.8 ,0.0082,,,,
1036.6 ,0.007499,,,,
1036.4 ,0.009696,,,,
1036.2 ,0.01017,,,,
1036.0 ,0.008297,,,,
1035.8 ,0.009781,,,,
1035.6 ,0.005553,,,,
1035.4 ,0.010322,,,,
1035.2 ,0.011523,,,,
1035.0 ,0.003571,,,,
1034.8 ,0.005807,,,,
1034.6 ,0.005811,,,,
1034.4 ,0.005632,,,,
1034.2 ,0.00598,,,,
1034.0 ,0.007477,,,,
1033.8 ,0.008663,,,,
1033.6 ,0.008302,,,,
1033.4 ,0.009775,,,,
1033.2 ,0.007632,,,,
1033.0 ,0.007554,,,,
1032.8 ,0.011718,,,,
1032.6 ,0.009679,,,,
1032.4 ,0.001723,,,,
1032.2 ,0.010512,,,,
1032.0 ,0.00818,,,,
1031.8 ,0.00775,,,,
1031.6 ,0.009224,,,,
1031.4 ,0.009163,,,,
1031.2 ,0.010107,,,,
1031.0 ,0.011146,,,,
1030.8 ,0.010154,,,,
1030.6 ,0.010094,,,,
1030.4 ,0.013066,,,,
1030.2 ,0.010297,,,,
1030.0 ,0.010302,,,,
1029.8 ,0.011859,,,,
1029.6 ,0.011197,,,,
1029.4 ,0.010098,,,,
1029.2 ,0.010324,,,,
1029.0 ,0.010376,,,,
1028.8 ,0.011595,,,,
1028.6 ,0.014548,,,,
1028.4 ,0.011477,,,,
1028.2 ,0.01082,,,,
1028.0 ,0.012794,,,,
1027.8 ,0.012168,,,,
1027.6 ,0.012335,,,,
1027.4 ,0.013382,,,,
1027.2 ,0.01181,,,,
1027.0 ,0.014049,,,,
1026.8 ,0.012149,,,,
1026.6 ,0.012047,,,,
1026.4 ,0.011775,,,,
1026.2 ,0.016368,,,,
1026.0 ,0.013252,,,,
1025.8 ,0.013814,,,,
1025.6 ,0.010104,,,,
1025.4 ,0.012767,,,,
1025.2 ,0.013762,,,,
1025.0 ,0.009763,,,,
1024.8 ,0.010982,,,,
1024.6 ,0.011489,,,,
1024.4 ,0.016691,,,,
1024.2 ,0.019308,,,,
1024.0 ,0.014305,,,,
1023.8 ,0.01215,,,,
1023.6 ,0.015175,,,,
1023.4 ,0.011593,,,,
1023.2 ,0.01518,,,,
1023.0 ,0.013271,,,,
1022.8 ,0.017239,,,,
1022.6 ,0.016959,,,,
1022.4 ,0.014609,,,,
1022.2 ,0.016103,,,,
1022.0 ,0.014944,,,,
1021.8 ,0.014759,,,,
1021.6 ,0.018134,,,,
1021.4 ,0.013862,,,,
1021.2 ,0.020767,,,,
1021.0 ,0.018462,,,,
1020.8 ,0.01822,,,,
1020.6 ,0.016781,,,,
1020.4 ,0.021407,,,,
1020.2 ,0.016435,,,,
1020.0 ,0.01621,,,,
1019.8 ,0.016055,,,,
1019.6 ,0.014267,,,,
1019.4 ,0.015605,,,,
1019.2 ,0.014601,,,,
1019.0 ,0.010438,,,,
1018.8 ,0.014214,,,,
1018.6 ,0.013336,,,,
1018.4 ,0.01001,,,,
1018.2 ,0.008412,,,,
1018.0 ,0.009596,,,,
1017.8 ,0.008396,,,,
1017.6 ,0.008401,,,,
1017.4 ,0.006927,,,,
1017.2 ,0.007022,,,,
1017.0 ,0.004534,,,,
1016.8 ,0.006292,,,,
1016.6 ,0.005617,,,,
1016.4 ,0.006372,,,,
1016.2 ,0.0003,,,,
1016.0 ,0.001133,,,,
1015.8 ,0.000923,,,,
1015.6 ,0.001786,,,,
1015.4 ,0.002291,,,,
1015.2 ,0.005768,,,,
1015.0 ,0.001111,,,,
1014.8 ,0.002802,,,,
1014.6 ,0.001462,,,,
1014.4 ,0.001483,,,,
1014.2 ,0.001693,,,,
1014.0 ,0.001299,,,,
1013.8 ,0.003227,,,,
1013.6 ,0.000209,,,,
1013.4 ,0.000371,,,,
1013.2 ,0.000279,,,,
1013.0 ,0.001114,,,,
1012.8 ,0.000998,,,,
1012.6 ,0.004307,,,,
1012.4 ,0.001418,,,,
1012.2 ,0.002694,,,,
1012.0 ,0.00482,,,,
1011.8 ,0.00242,,,,
1011.6 ,0.001744,,,,
1011.4 ,0.000836,,,,
1011.2 ,0.002262,,,,
1011.0 ,0.000675,,,,
1010.8 ,0.001186,,,,
1010.6 ,0.001511,,,,
1010.4 ,0.000372,,,,
1010.2 ,0.000163,,,,
1010.0 ,0.00254,,,,
1009.8 ,0.002494,,,,
1009.6 ,0.000093,,,,
1009.4 ,0.002715,,,,
1009.2 ,0.001403,,,,
1009.0 ,0.0011,,,,
1008.8 ,0.001588,,,,
1008.6 ,0.000935,,,,
1008.4 ,0.00112,,,,
1008.2 ,0.001238,,,,
1008.0 ,0.000023,,,,
1007.8 ,0.001616,,,,
1007.6 ,0.000632,,,,
1007.4 ,0.000468,,,,
1007.2 ,0.001126,,,,
1007.0 ,0.000681,,,,
1006.8 ,0.002517,,,,
1006.6 ,0.001758,,,,
1006.4 ,0.001572,,,,
1006.2 ,0.003856,,,,
1006.0 ,0.000565,,,,
1005.8 ,0.000751,,,,
1005.6 ,0.000659,,,,
1005.4 ,0.00106,,,,
1005.2 ,0.001037,,,,
1005.0 ,0.004591,,,,
1004.8 ,0.000259,,,,
1004.6 ,0.000401,,,,
1004.4 ,0.000188,,,,
1004.2 ,0.001816,,,,
1004.0 ,0.000496,,,,
1003.8 ,0.000873,,,,
1003.6 ,0.000094,,,,
1003.4 ,0.001324,,,,
1003.2 ,0.001445,,,,
1003.0 ,0.000922,,,,
1002.8 ,0.001774,,,,
1002.6 ,0.004355,,,,
1002.4 ,0.000734,,,,
1002.2 ,0.002206,,,,
1002.0 ,0.00154,,,,
1001.8 ,0.000474,,,,
1001.6 ,0.001165,,,,
1001.4 ,0.00038,,,,
1001.2 ,0.000309,,,,
1001.0 ,0.002186,,,,
1000.8 ,0.000095,,,,
1000.6 ,0.002929,,,,
1000.4 ,0.001498,,,,
1000.2 ,0.001525,,,,
1000.0 ,0.003437,,,,
999.8 ,0.00105,,,,
999.6 ,0.000857,,,,
999.4 ,0.001339,,,,
999.2 ,0.000383,,,,
999.0 ,0.000669,,,,
998.8 ,0.001941,,,,
998.6 ,0.001652,,,,
998.4 ,0.003645,,,,
998.2 ,0.000985,,,,
998.0 ,0.002687,,,,
997.8 ,0.002592,,,,
997.6 ,0.000671,,,,
997.4 ,0.002382,,,,
997.2 ,0.00238,,,,
997.0 ,0.00118,,,,
996.8 ,0.000024,,,,
996.6 ,0.000168,,,,
996.4 ,0.00029,,,,
996.2 ,0.001158,,,,
996.0 ,0.000772,,,,
995.8 ,0.001621,,,,
995.6 ,0.001451,,,,
995.4 ,0.001742,,,,
995.2 ,0.002494,,,,
995.0 ,0.000751,,,,
994.8 ,0.000194,,,,
994.6 ,0.000486,,,,
994.4 ,0.002747,,,,
994.2 ,0.002258,,,,
994.0 ,0.003,,,,
993.8 ,0.001194,,,,
993.6 ,0.002559,,,,
993.4 ,0.000097,,,,
993.2 ,0.001341,,,,
993.0 ,0.000587,,,,
992.8 ,0.001396,,,,
992.6 ,0.00049,,,,
992.4 ,0.002057,,,,
992.2 ,0.000909,,,,
992.0 ,0.000688,,,,
991.8 ,0.002361,,,,
991.6 ,0.000295,,,,
991.4 ,0.000369,,,,
991.2 ,0.000961,,,,
991.0 ,0.002069,,,,
990.8 ,0.00205,,,,
990.6 ,0.001259,,,,
990.4 ,0.001482,,,,
990.2 ,0.001284,,,,
990.0 ,0.002552,,,,
989.8 ,0.001015,,,,
989.6 ,0.003742,,,,
989.4 ,0.000074,,,,
989.2 ,0.000522,,,,
989.0 ,0.002117,,,,
988.8 ,0.002164,,,,
988.6 ,0.002493,,,,
988.4 ,0.000299,,,,
988.2 ,0.001298,,,,
988.0 ,0.001499,,,,
987.8 ,0.0021,,,,
987.6 ,0.000926,,,,
987.4 ,0.000025,,,,
987.2 ,0.001428,,,,
987.0 ,0.00301,,,,
986.8 ,0.000176,,,,
986.6 ,0.000503,,,,
986.4 ,0.003096,,,,
986.2 ,0.000805,,,,
986.0 ,0.001312,,,,
985.8 ,0.000807,,,,
985.6 ,0.000934,,,,
985.4 ,0,,,,
985.2 ,0.001141,,,,
985.0 ,0.003348,,,,
984.8 ,0.002515,,,,
984.6 ,0.000432,,,,
984.4 ,0.00074,,,,
984.2 ,0.002955,,,,
984.0 ,0.003184,,,,
983.8 ,0.000919,,,,
983.6 ,0.000741,,,,
983.4 ,0.000512,,,,
983.2 ,0.000844,,,,
983.0 ,0.001617,,,,
982.8 ,0.000642,,,,
982.6 ,0.003905,,,,
982.4 ,0.001754,,,,
982.2 ,0.000696,,,,
982.0 ,0.000129,,,,
981.8 ,0.003622,,,,
981.6 ,0.002177,,,,
981.4 ,0.001478,,,,
981.2 ,0.00334,,,,
981.0 ,0.00127,,,,
980.8 ,0.000389,,,,
980.6 ,0.001848,,,,
980.4 ,0.001668,,,,
980.2 ,0.00175,,,,
980.0 ,0.000602,,,,
979.8 ,0.000392,,,,
979.6 ,0.000105,,,,
979.4 ,0.000759,,,,
979.2 ,0.002,,,,
979.0 ,0.002626,,,,
978.8 ,0.001606,,,,
978.6 ,0.003159,,,,
978.4 ,0.002636,,,,
978.2 ,0.000132,,,,
978.0 ,0.000845,,,,
977.8 ,0.001801,,,,
977.6 ,0.001828,,,,
977.4 ,0.001702,,,,
977.2 ,0.000718,,,,
977.0 ,0.000638,,,,
976.8 ,0.002669,,,,
976.6 ,0.003954,,,,
976.4 ,0.00051,,,,
976.2 ,0.002571,,,,
976.0 ,0.000537,,,,
975.8 ,0.002477,,,,
975.6 ,0.001832,,,,
975.4 ,0.001185,,,,
975.2 ,0.001647,,,,
975.0 ,0.00141,,,,
974.8 ,0.000541,,,,
974.6 ,0.001707,,,,
974.4 ,0.000353,,,,
974.2 ,0.003179,,,,
974.0 ,0.003404,,,,
973.8 ,0.003355,,,,
973.6 ,0.002293,,,,
973.4 ,0.001313,,,,
973.2 ,0.001893,,,,
973.0 ,0.000438,,,,
972.8 ,0.000853,,,,
972.6 ,0.004042,,,,
972.4 ,0.000247,,,,
972.2 ,0.001688,,,,
972.0 ,0.00119,,,,
971.8 ,0.000968,,,,
971.6 ,0.002548,,,,
971.4 ,0.001192,,,,
971.2 ,0.002106,,,,
971.0 ,0,,,,
970.8 ,0.002423,,,,
970.6 ,0.001984,,,,
970.4 ,0.003717,,,,
970.2 ,0.004955,,,,
970.0 ,0.000896,,,,
969.8 ,0.002279,,,,
969.6 ,0.000337,,,,
969.4 ,0.001603,,,,
969.2 ,0.000788,,,,
969.0 ,0,,,,
968.8 ,0.002269,,,,
968.6 ,0.000993,,,,
968.4 ,0.000567,,,,
968.2 ,0.001623,,,,
968.0 ,0.003197,,,,
967.8 ,0.001145,,,,
967.6 ,0.000258,,,,
967.4 ,0.000459,,,,
967.2 ,0.001032,,,,
967.0 ,0.001267,,,,
966.8 ,0.001387,,,,
966.6 ,0.002886,,,,
966.4 ,0.001593,,,,
966.2 ,0.002003,,,,
966.0 ,0.000348,,,,
965.8 ,0.00128,,,,
965.6 ,0.001834,,,,
965.4 ,0.000964,,,,
965.2 ,0.001287,,,,
965.0 ,0.001173,,,,
964.8 ,0.002785,,,,
964.6 ,0.002324,,,,
964.4 ,0.002122,,,,
964.2 ,0.003464,,,,
964.0 ,0.003075,,,,
963.8 ,0.001154,,,,
963.6 ,0.001305,,,,
963.4 ,0.000267,,,,
963.2 ,0.002589,,,,
963.0 ,0.001075,,,,
962.8 ,0.001436,,,,
962.6 ,0.00144,,,,
962.4 ,0.000721,,,,
962.2 ,0.000842,,,,
962.0 ,0.001717,,,,
961.8 ,0.002024,,,,
961.6 ,0.002756,,,,
961.4 ,0.00206,,,,
961.2 ,0.001793,,,,
961.0 ,0.001216,,,,
960.8 ,0.002346,,,,
960.6 ,0.000948,,,,
960.4 ,0.000122,,,,
960.2 ,0.000645,,,,
960.0 ,0.001199,,,,
959.8 ,0.002742,,,,
959.6 ,0.000959,,,,
959.4 ,0.004948,,,,
959.2 ,0.003936,,,,
959.0 ,0.004198,,,,
958.8 ,0.002376,,,,
958.6 ,0.000467,,,,
958.4 ,0.001998,,,,
958.2 ,0.000407,,,,
958.0 ,0.003388,,,,
957.8 ,0.000504,,,,
957.6 ,0.00063,,,,
957.4 ,0.000284,,,,
957.2 ,0.003543,,,,
957.0 ,0.002511,,,,
956.8 ,0.001273,,,,
956.6 ,0.001437,,,,
956.4 ,0,,,,
956.2 ,0.000546,,,,
956.0 ,0.001643,,,,
955.8 ,0.002324,,,,
955.6 ,0.003517,,,,
955.4 ,0.001651,,,,
955.2 ,0.001005,,,,
955.0 ,0.000162,,,,
954.8 ,0.001597,,,,
954.6 ,0.001472,,,,
954.4 ,0.004192,,,,
954.2 ,0.003706,,,,
954.0 ,0.000787,,,,
953.8 ,0.000791,,,,
953.6 ,0.001982,,,,
953.4 ,0.003042,,,,
953.2 ,0.001096,,,,
953.0 ,0.00133,,,,
952.8 ,0.001303,,,,
952.6 ,0.001035,,,,
952.4 ,0.000401,,,,
952.2 ,0.003095,,,,
952.0 ,0.000135,,,,
951.8 ,0.00044,,,,
951.6 ,0.000948,,,,
951.4 ,0.003121,,,,
951.2 ,0.003405,,,,
951.0 ,0.000819,,,,
950.8 ,0.001508,,,,
950.6 ,0.002714,,,,
950.4 ,0.000931,,,,
950.2 ,0.000826,,,,
950.0 ,0.004427,,,,
949.8 ,0.00208,,,,
949.6 ,0.001979,,,,
949.4 ,0.000244,,,,
949.2 ,0.003255,,,,
949.0 ,0.004098,,,,
948.8 ,0.001124,,,,
948.6 ,0.000281,,,,
948.4 ,0.002084,,,,
948.2 ,0.0017,,,,
948.0 ,0.001707,,,,
947.8 ,0.00114,,,,
947.6 ,0.000428,,,,
947.4 ,0.001469,,,,
947.2 ,0.000107,,,,
947.0 ,0.002988,,,,
946.8 ,0.002454,,,,
946.6 ,0.000725,,,,
946.4 ,0.000581,,,,
946.2 ,0.000291,,,,
946.0 ,0.002599,,,,
945.8 ,0.000146,,,,
945.6 ,0.001179,,,,
945.4 ,0.000777,,,,
945.2 ,0.000557,,,,
945.0 ,0.001939,,,,
944.8 ,0.000598,,,,
944.6 ,0.002701,,,,
944.4 ,0.001657,,,,
944.2 ,0.00543,,,,
944.0 ,0.001172,,,,
943.8 ,0.002278,,,,
943.6 ,0.000761,,,,
943.4 ,0.000153,,,,
943.2 ,0.001718,,,,
943.0 ,0.002761,,,,
942.8 ,0.006139,,,,
942.6 ,0.00108,,,,
942.4 ,0.001236,,,,
942.2 ,0.001979,,,,
942.0 ,0.000737,,,,
941.8 ,0.001439,,,,
941.6 ,0.001209,,,,
941.4 ,0.001607,,,,
941.2 ,0.001101,,,,
941.0 ,0.004103,,,,
940.8 ,0.001144,,,,
940.6 ,0.001865,,,,
940.4 ,0.001275,,,,
940.2 ,0.002561,,,,
940.0 ,0.003846,,,,
939.8 ,0.002657,,,,
939.6 ,0.004709,,,,
939.4 ,0.003308,,,,
939.2 ,0.004122,,,,
939.0 ,0.00175,,,,
938.8 ,0.00032,,,,
938.6 ,0.001124,,,,
938.4 ,0.000968,,,,
938.2 ,0.000528,,,,
938.0 ,0.00212,,,,
937.8 ,0.00299,,,,
937.6 ,0.000206,,,,
937.4 ,0.005457,,,,
937.2 ,0.002035,,,,
937.0 ,0.002842,,,,
936.8 ,0.002894,,,,
936.6 ,0.001977,,,,
936.4 ,0.001186,,,,
936.2 ,0.000807,,,,
936.0 ,0.001065,,,,
935.8 ,0.003047,,,,
935.6 ,0.002754,,,,
935.4 ,0.002979,,,,
935.2 ,0,,,,
935.0 ,0.001179,,,,
934.8 ,0.002756,,,,
934.6 ,0.001756,,,,
934.4 ,0.003495,,,,
934.2 ,0.004029,,,,
934.0 ,0.003204,,,,
933.8 ,0.000491,,,,
933.6 ,0.001792,,,,
933.4 ,0.002161,,,,
933.2 ,0.000722,,,,
933.0 ,0.002671,,,,
932.8 ,0.00277,,,,
932.6 ,0.001961,,,,
932.4 ,0.001282,,,,
932.2 ,0.002065,,,,
932.0 ,0.001243,,,,
931.8 ,0.00297,,,,
931.6 ,0.00237,,,,
931.4 ,0.002613,,,,
931.2 ,0.002203,,,,
931.0 ,0.001364,,,,
930.8 ,0.000897,,,,
930.6 ,0.002417,,,,
930.4 ,0.000714,,,,
930.2 ,0.000909,,,,
930.0 ,0.00139,,,,
929.8 ,0.000434,,,,
929.6 ,0.00155,,,,
929.4 ,0.005043,,,,
929.2 ,0.001416,,,,
929.0 ,0.001326,,,,
928.8 ,0.000148,,,,
928.6 ,0.000247,,,,
928.4 ,0.001943,,,,
928.2 ,0.001149,,,,
928.0 ,0.001815,,,,
927.8 ,0.003431,,,,
927.6 ,0.004833,,,,
927.4 ,0.000766,,,,
927.2 ,0.002672,,,,
927.0 ,0.003039,,,,
926.8 ,0.000571,,,,
926.6 ,0.005221,,,,
926.4 ,0.00063,,,,
926.2 ,0.001475,,,,
926.0 ,0.008069,,,,
925.8 ,0.001653,,,,
925.6 ,0.003055,,,,
925.4 ,0.003399,,,,
925.2 ,0.001518,,,,
925.0 ,0.001579,,,,
924.8 ,0.000824,,,,
924.6 ,0.006613,,,,
924.4 ,0.004219,,,,
924.2 ,0.000613,,,,
924.0 ,0.00589,,,,
923.8 ,0.004507,,,,
923.6 ,0.00017,,,,
923.4 ,0.00434,,,,
923.2 ,0.001373,,,,
923.0 ,0.001151,,,,
922.8 ,0.001676,,,,
922.6 ,0.000757,,,,
922.4 ,0.000937,,,,
922.2 ,0.003294,,,,
922.0 ,0.002367,,,,
921.8 ,0.001903,,,,
921.6 ,0.001495,,,,
921.4 ,0.00006,,,,
921.2 ,0.002959,,,,
921.0 ,0.005529,,,,
920.8 ,0.003651,,,,
920.6 ,0.003741,,,,
920.4 ,0.003202,,,,
920.2 ,0.004203,,,,
920.0 ,0.001243,,,,
919.8 ,0.000999,,,,
919.6 ,0.005582,,,,
919.4 ,0.000695,,,,
919.2 ,0.008686,,,,
919.0 ,0.002548,,,,
918.8 ,0.005323,,,,
918.6 ,0.003536,,,,
918.4 ,0.00123,,,,
918.2 ,0.001301,,,,
918.0 ,0.002867,,,,
917.8 ,0.007545,,,,
917.6 ,0.000198,,,,
917.4 ,0.000794,,,,
917.2 ,0.00691,,,,
917.0 ,0,,,,
916.8 ,0.003496,,,,
916.6 ,0.002088,,,,
916.4 ,0.006017,,,,
916.2 ,0.002376,,,,
916.0 ,0.000341,,,,
915.8 ,0.003913,,,,
915.6 ,0.000827,,,,
915.4 ,0.001936,,,,
915.2 ,0.003618,,,,
915.0 ,0.001187,,,,
914.8 ,0.000841,,,,
914.6 ,0.003167,,,,
914.4 ,0.000071,,,,
914.2 ,0.007451,,,,
914.0 ,0.004066,,,,
913.8 ,0.001646,,,,
913.6 ,0.000287,,,,
913.4 ,0.001729,,,,
913.2 ,0.001668,,,,
913.0 ,0.001384,,,,
912.8 ,0,,,,
912.6 ,0.001688,,,,
912.4 ,0.001178,,,,
912.2 ,0.001181,,,,
912.0 ,0.007645,,,,
911.8 ,0.006934,,,,
911.6 ,0.001198,,,,
911.4 ,0.002326,,,,
911.2 ,0.006012,,,,
911.0 ,0.001591,,,,
910.8 ,0.001445,,,,
910.6 ,0.004647,,,,
910.4 ,0.000535,,,,
910.2 ,0.001845,,,,
910.0 ,0.001853,,,,
909.8 ,0.00147,,,,
909.6 ,0.004965,,,,
909.4 ,0.001558,,,,
909.2 ,0.000078,,,,
909.0 ,0.003137,,,,
908.8 ,0.002828,,,,
908.6 ,0.000944,,,,
908.4 ,0.002527,,,,
908.2 ,0.001268,,,,
908.0 ,0.010205,,,,
907.8 ,0.01156,,,,
907.6 ,0.00056,,,,
907.4 ,0.003928,,,,
907.2 ,0.003935,,,,
907.0 ,0.001286,,,,
906.8 ,0.000967,,,,
906.6 ,0.000404,,,,
906.4 ,0.004532,,,,
906.2 ,0.001548,,,,
906.0 ,0.003174,,,,
905.8 ,0.004322,,,,
905.6 ,0.000245,,,,
905.4 ,0.007636,,,,
905.2 ,0.002872,,,,
905.0 ,0.007987,,,,
904.8 ,0.006507,,,,
904.6 ,0.000579,,,,
904.4 ,0.001739,,,,
904.2 ,0.002321,,,,
904.0 ,0.003336,,,,
903.8 ,0.000917,,,,
903.6 ,0.002005,,,,
903.4 ,0.009052,,,,
903.2 ,0.006308,,,,
903.0 ,0.005642,,,,
902.8 ,0.005337,,,,
902.6 ,0.002967,,,,
902.4 ,0.003141,,,,
902.2 ,0.002812,,,,
902.0 ,0.004201,,,,
901.8 ,0.003179,,,,
901.6 ,0.001726,,,,
901.4 ,0.007005,,,,
901.2 ,0.000086,,,,
901.0 ,0.003915,,,,
900.8 ,0.002359,,,,
900.6 ,0.000613,,,,
900.4 ,0.008349,,,,
900.2 ,0.003873,,,,
900.0 ,0.001768,,,,
899.8 ,0.000266,,,,
899.6 ,0.001688,,,,
899.4 ,0.000625,,,,
899.2 ,0.009741,,,,
899.0 ,0.000358,,,,
898.8 ,0.007109,,,,
898.6 ,0.004703,,,,
898.4 ,0.001452,,,,
898.2 ,0.000727,,,,
898.0 ,0.002099,,,,
897.8 ,0.000366,,,,
897.6 ,0.002204,,,,
897.4 ,0.002668,,,,
897.2 ,0.005635,,,,
897.0 ,0.002966,,,,
896.8 ,0.002882,,,,
896.6 ,0.000654,,,,
896.4 ,0.00458,,,,
896.2 ,0.009124,,,,
896.0 ,0.002733,,,,
895.8 ,0.005565,,,,
895.6 ,0.000095,,,,
895.4 ,0.009612,,,,
895.2 ,0.004957,,,,
895.0 ,0.001438,,,,
894.8 ,0.004596,,,,
894.6 ,0.009144,,,,
894.4 ,0.012651,,,,
894.2 ,0.012304,,,,
894.0 ,0.00981,,,,
893.8 ,0.012062,,,,
893.6 ,0.008629,,,,
893.4 ,0.014442,,,,
893.2 ,0.015825,,,,
893.0 ,0.017487,,,,
892.8 ,0.013176,,,,
892.6 ,0.022191,,,,
892.4 ,0.021177,,,,
892.2 ,0.018826,,,,
892.0 ,0.023601,,,,
891.8 ,0.03551,,,,
891.6 ,0.038593,,,,
891.4 ,0.038165,,,,
891.2 ,0.044504,,,,
891.0 ,0.051505,,,,
890.8 ,0.058688,,,,
890.6 ,0.077888,,,,
890.4 ,0.095959,,,,
890.2 ,0.099999,,,,
890.0 ,0.115525,,,,
889.8 ,0.13541,,,,
889.6 ,0.161207,,,,
889.4 ,0.193788,,,,
889.2 ,0.216833,,,,
889.0 ,0.260056,,,,
888.8 ,0.298237,,,,
888.6 ,0.360728,,,,
888.4 ,0.423161,,,,
888.2 ,0.511009,,,,
888.0 ,0.615803,,,,
887.8 ,0.73861,,,,
887.6 ,0.880392,,,,
887.4 ,1.07685,,,,
887.2 ,1.2904,,,,
887.0 ,1.58451,,,,
886.8 ,1.93046,,,,
886.6 ,2.37431,,,,
886.4 ,2.90987,,,,
886.2 ,3.59565,,,,
886.0 ,4.40921,,,,
885.8 ,5.44964,,,,
885.6 ,6.68326,,,,
885.4 ,8.21415,,,,
885.2 ,10.0001,,,,
885.0 ,12.1716,,,,
884.8 ,14.5906,,,,
884.6 ,17.4486,,,,
884.4 ,20.6226,,,,
884.2 ,24.1839,,,,
884.0 ,28.0498,,,,
883.8 ,32.2817,,,,
883.6 ,36.6212,,,,
883.4 ,41.2052,,,,
883.2 ,46.0468,,,,
883.0 ,51.0188,,,,
882.8 ,55.8772,,,,
882.6 ,60.6779,,,,
882.4 ,65.5959,,,,
882.2 ,70.0434,,,,
882.0 ,74.2066,,,,
881.8 ,78.2104,,,,
881.6 ,82.1254,,,,
881.4 ,85.4502,,,,
881.2 ,88.2108,,,,
881.0 ,90.8548,,,,
880.8 ,92.9381,,,,
880.6 ,94.7739,,,,
880.4 ,96.0484,,,,
880.2 ,96.8726,,,,
880.0 ,97.6209,,,,
879.8 ,98.2849,,,,
879.6 ,98.6824,,,,
879.4 ,99.0257,,,,
879.2 ,99.3164,,,,
879.0 ,98.9279,,,,
878.8 ,99.2396,,,,
878.6 ,99.3121,,,,
878.4 ,99.3839,,,,
878.2 ,99.386,,,,
878.0 ,99.2743,,,,
877.8 ,99.2931,,,,
877.6 ,99.2682,,,,
877.4 ,99.2428,,,,
877.2 ,99.196,,,,
877.0 ,99.369,,,,
876.8 ,99.5978,,,,
876.6 ,99.5598,,,,
876.4 ,99.3156,,,,
876.2 ,99.4031,,,,
876.0 ,99.434,,,,
875.8 ,99.4877,,,,
875.6 ,99.3206,,,,
875.4 ,99.1434,,,,
875.2 ,99.2953,,,,
875.0 ,99.3879,,,,
874.8 ,99.0923,,,,
874.6 ,99.2115,,,,
874.4 ,99.3427,,,,
874.2 ,99.2517,,,,
874.0 ,99.2242,,,,
873.8 ,99.381,,,,
873.6 ,99.5558,,,,
873.4 ,99.4603,,,,
873.2 ,99.2673,,,,
873.0 ,99.4999,,,,
872.8 ,99.2798,,,,
872.6 ,99.4681,,,,
872.4 ,99.6117,,,,
872.2 ,99.4353,,,,
872.0 ,99.6223,,,,
871.8 ,99.5279,,,,
871.6 ,99.5523,,,,
871.4 ,99.3994,,,,
871.2 ,99.3725,,,,
871.0 ,99.3371,,,,
870.8 ,99.5782,,,,
870.6 ,99.6544,,,,
870.4 ,99.6741,,,,
870.2 ,99.5883,,,,
870.0 ,99.2966,,,,
869.8 ,99.5526,,,,
869.6 ,99.7492,,,,
869.4 ,99.4322,,,,
869.2 ,99.573,,,,
869.0 ,99.4284,,,,
868.8 ,99.6039,,,,
868.6 ,99.381,,,,
868.4 ,99.325,,,,
868.2 ,99.4605,,,,
868.0 ,99.3432,,,,
867.8 ,99.3493,,,,
867.6 ,99.5666,,,,
867.4 ,99.5779,,,,
867.2 ,99.3464,,,,
867.0 ,99.6202,,,,
866.8 ,99.3536,,,,
866.6 ,99.3858,,,,
866.4 ,99.4871,,,,
866.2 ,99.3896,,,,
866.0 ,99.5707,,,,
865.8 ,99.5816,,,,
865.6 ,99.4556,,,,
865.4 ,99.3094,,,,
865.2 ,99.448,,,,
865.0 ,99.4339,,,,
864.8 ,99.4825,,,,
864.6 ,99.3227,,,,
864.4 ,99.4285,,,,
864.2 ,99.3893,,,,
864.0 ,99.3627,,,,
863.8 ,99.3192,,,,
863.6 ,99.2588,,,,
863.4 ,99.3755,,,,
863.2 ,99.3685,,,,
863.0 ,99.3751,,,,
862.8 ,99.4029,,,,
862.6 ,99.1773,,,,
862.4 ,99.5693,,,,
862.2 ,99.3916,,,,
862.0 ,99.3112,,,,
861.8 ,99.2668,,,,
861.6 ,99.3934,,,,
861.4 ,99.4704,,,,
861.2 ,99.4799,,,,
861.0 ,99.3941,,,,
860.8 ,99.382,,,,
860.6 ,99.5646,,,,
860.4 ,99.2778,,,,
860.2 ,99.3561,,,,
860.0 ,99.5414,,,,
859.8 ,99.4323,,,,
859.6 ,99.5107,,,,
859.4 ,99.485,,,,
859.2 ,99.6083,,,,
859.0 ,99.2879,,,,
858.8 ,99.1384,,,,
858.6 ,99.3105,,,,
858.4 ,99.5321,,,,
858.2 ,99.1414,,,,
858.0 ,99.3135,,,,
857.8 ,99.3042,,,,
857.6 ,99.3323,,,,
857.4 ,99.3322,,,,
857.2 ,99.4119,,,,
857.0 ,99.2509,,,,
856.8 ,99.3626,,,,
856.6 ,99.5892,,,,
856.4 ,99.3118,,,,
856.2 ,99.1845,,,,
856.0 ,99.2436,,,,
855.8 ,99.3409,,,,
855.6 ,99.3643,,,,
855.4 ,99.2245,,,,
855.2 ,99.1628,,,,
855.0 ,99.2101,,,,
854.8 ,99.4695,,,,
854.6 ,99.6326,,,,
854.4 ,99.4077,,,,
854.2 ,99.3505,,,,
854.0 ,99.5218,,,,
853.8 ,99.5191,,,,
853.6 ,99.6098,,,,
853.4 ,99.6373,,,,
853.2 ,99.4555,,,,
853.0 ,99.4124,,,,
852.8 ,99.5045,,,,
852.6 ,99.569,,,,
852.4 ,99.3873,,,,
852.2 ,99.2609,,,,
852.0 ,99.554,,,,
851.8 ,99.2136,,,,
851.6 ,99.4209,,,,
851.4 ,99.3506,,,,
851.2 ,99.2911,,,,
851.0 ,99.1398,,,,
850.8 ,99.1922,,,,
850.6 ,99.054,,,,
850.4 ,99.2357,,,,
850.2 ,99.319,,,,
850.0 ,99.3882,,,,
849.8 ,99.334,,,,
849.6 ,99.3774,,,,
849.4 ,99.2815,,,,
849.2 ,99.173,,,,
849.0 ,99.0146,,,,
848.8 ,99.245,,,,
848.6 ,99.2373,,,,
848.4 ,99.1761,,,,
848.2 ,99.3029,,,,
848.0 ,99.2625,,,,
847.8 ,98.9331,,,,
847.6 ,99.1364,,,,
847.4 ,99.3773,,,,
847.2 ,99.3723,,,,
847.0 ,98.8321,,,,
846.8 ,99.1284,,,,
846.6 ,99.2477,,,,
846.4 ,98.685,,,,
846.2 ,98.3593,,,,
846.0 ,98.2488,,,,
845.8 ,97.5101,,,,
845.6 ,96.8688,,,,
845.4 ,96.2017,,,,
845.2 ,94.9109,,,,
845.0 ,93.0936,,,,
844.8 ,90.9558,,,,
844.6 ,88.2687,,,,
844.4 ,86.0499,,,,
844.2 ,82.507,,,,
844.0 ,78.8528,,,,
843.8 ,75.0286,,,,
843.6 ,70.6974,,,,
843.4 ,66.0827,,,,
843.2 ,61.4162,,,,
843.0 ,56.3283,,,,
842.8 ,51.3863,,,,
842.6 ,46.3019,,,,
842.4 ,41.4471,,,,
842.2 ,36.5258,,,,
842.0 ,31.9287,,,,
841.8 ,27.4072,,,,
841.6 ,23.4761,,,,
841.4 ,19.7993,,,,
841.2 ,16.5002,,,,
841.0 ,13.6666,,,,
840.8 ,11.179,,,,
840.6 ,9.00224,,,,
840.4 ,7.2481,,,,
840.2 ,5.75224,,,,
840.0 ,4.612,,,,
839.8 ,3.61939,,,,
839.6 ,2.88491,,,,
839.4 ,2.26468,,,,
839.2 ,1.8081,,,,
839.0 ,1.41904,,,,
838.8 ,1.16171,,,,
838.6 ,0.932467,,,,
838.4 ,0.766416,,,,
838.2 ,0.598404,,,,
838.0 ,0.507532,,,,
837.8 ,0.399248,,,,
837.6 ,0.330682,,,,
837.4 ,0.268375,,,,
837.2 ,0.228178,,,,
837.0 ,0.204935,,,,
836.8 ,0.149714,,,,
836.6 ,0.147158,,,,
836.4 ,0.105577,,,,
836.2 ,0.078249,,,,
836.0 ,0.070956,,,,
835.8 ,0.064274,,,,
835.6 ,0.049117,,,,
835.4 ,0.043556,,,,
835.2 ,0.036854,,,,
835.0 ,0.046573,,,,
834.8 ,0.008675,,,,
834.6 ,0.043218,,,,
834.4 ,0.01531,,,,
834.2 ,0.001152,,,,
834.0 ,0.003419,,,,
833.8 ,0.012106,,,,
833.6 ,0.010726,,,,
833.4 ,0.026605,,,,
833.2 ,0.031953,,,,
833.0 ,0.021916,,,,
832.8 ,0.004935,,,,
832.6 ,0.013426,,,,
832.4 ,0.01073,,,,
832.2 ,0.001349,,,,
832.0 ,0.003558,,,,
831.8 ,0.006608,,,,
831.6 ,0.013282,,,,
831.4 ,0.011994,,,,
831.2 ,0.005006,,,,
831.0 ,0.003979,,,,
830.8 ,0.016213,,,,
830.6 ,0.004601,,,,
830.4 ,0.004426,,,,
830.2 ,0.003157,,,,
830.0 ,0.021467,,,,
829.8 ,0.021538,,,,
829.6 ,0.010072,,,,
829.4 ,0.01507,,,,
829.2 ,0.019579,,,,
829.0 ,0.000394,,,,
828.8 ,0.016165,,,,
828.6 ,0.000905,,,,
828.4 ,0.010269,,,,
828.2 ,0.013257,,,,
828.0 ,0.009628,,,,
827.8 ,0.009046,,,,
827.6 ,0.010003,,,,
827.4 ,0.004472,,,,
827.2 ,0.004572,,,,
827.0 ,0.005894,,,,
826.8 ,0.006942,,,,
826.6 ,0.00921,,,,
826.4 ,0.005295,,,,
826.2 ,0.002271,,,,
826.0 ,0.014745,,,,
825.8 ,0.002714,,,,
825.6 ,0.004694,,,,
825.4 ,0.001993,,,,
825.2 ,0.004298,,,,
825.0 ,0.00881,,,,
824.8 ,0.000345,,,,
824.6 ,0.013433,,,,
824.4 ,0.010381,,,,
824.2 ,0.008161,,,,
824.0 ,0.005303,,,,
823.8 ,0.003143,,,,
823.6 ,0.010164,,,,
823.4 ,0.002224,,,,
823.2 ,0.002212,,,,
823.0 ,0.003982,,,,
822.8 ,0.007576,,,,
822.6 ,0.004486,,,,
822.4 ,0.008575,,,,
822.2 ,0.012892,,,,
822.0 ,0.000862,,,,
821.8 ,0.000538,,,,
821.6 ,0.006953,,,,
821.4 ,0.003729,,,,
821.2 ,0.015609,,,,
821.0 ,0.005388,,,,
820.8 ,0.007987,,,,
820.6 ,0.006286,,,,
820.4 ,0.002408,,,,
820.2 ,0.011807,,,,
820.0 ,0.001143,,,,
819.8 ,0.005073,,,,
819.6 ,0.000516,,,,
819.4 ,0.003804,,,,
819.2 ,0.010239,,,,
819.0 ,0.003579,,,,
818.8 ,0.001225,,,,
818.6 ,0.005187,,,,
818.4 ,0.002021,,,,
818.2 ,0.002528,,,,
818.0 ,0.00373,,,,
817.8 ,0.010031,,,,
817.6 ,0.012704,,,,
817.4 ,0.003892,,,,
817.2 ,0.001194,,,,
817.0 ,0.003572,,,,
816.8 ,0.002373,,,,
816.6 ,0.007889,,,,
816.4 ,0.00325,,,,
816.2 ,0.002358,,,,
816.0 ,0.013728,,,,
815.8 ,0.005863,,,,
815.6 ,0.001167,,,,
815.4 ,0.014514,,,,
815.2 ,0.00776,,,,
815.0 ,0.009368,,,,
814.8 ,0.009643,,,,
814.6 ,0.002309,,,,
814.4 ,0.003463,,,,
814.2 ,0.011869,,,,
814.0 ,0.003923,,,,
813.8 ,0.011552,,,,
813.6 ,0.010765,,,,
813.4 ,0.01129,,,,
813.2 ,0.011366,,,,
813.0 ,0.000663,,,,
812.8 ,0.001605,,,,
812.6 ,0.000472,,,,
812.4 ,0.009053,,,,
812.2 ,0.014761,,,,
812.0 ,0.00075,,,,
811.8 ,0.001594,,,,
811.6 ,0.011125,,,,
811.4 ,0.000655,,,,
811.2 ,0.006975,,,,
811.0 ,0.010775,,,,
810.8 ,0.011767,,,,
810.6 ,0.004067,,,,
810.4 ,0.005162,,,,
810.2 ,0.003598,,,,
810.0 ,0.015022,,,,
809.8 ,0.010763,,,,
809.6 ,0.000366,,,,
809.4 ,0.002848,,,,
809.2 ,0.005128,,,,
809.0 ,0.011317,,,,
808.8 ,0.01097,,,,
808.6 ,0.003001,,,,
808.4 ,0.001728,,,,
808.2 ,0.00009,,,,
808.0 ,0.001812,,,,
807.8 ,0.007233,,,,
807.6 ,0.009729,,,,
807.4 ,0.000361,,,,
807.2 ,0.001356,,,,
807.0 ,0.006217,,,,
806.8 ,0.003332,,,,
806.6 ,0.002424,,,,
806.4 ,0.008952,,,,
806.2 ,0.006356,,,,
806.0 ,0.004026,,,,
805.8 ,0.007858,,,,
805.6 ,0.001784,,,,
805.4 ,0.001426,,,,
805.2 ,0.008169,,,,
805.0 ,0.005955,,,,
804.8 ,0.001062,,,,
804.6 ,0.001857,,,,
804.4 ,0.000354,,,,
804.2 ,0.005286,,,,
804.0 ,0.000353,,,,
803.8 ,0.010122,,,,
803.6 ,0.010977,,,,
803.4 ,0.001846,,,,
803.2 ,0.000439,,,,
803.0 ,0.0028,,,,
802.8 ,0.010771,,,,
802.6 ,0.002709,,,,
802.4 ,0.002093,,,,
802.2 ,0.001047,,,,
802.0 ,0.008462,,,,
801.8 ,0.008693,,,,
801.6 ,0.009738,,,,
801.4 ,0.004088,,,,
801.2 ,0.00565,,,,
801.0 ,0.007954,,,,
800.8 ,0.005545,,,,
800.6 ,0.010696,,,,
800.4 ,0.00242,,,,
800.2 ,0.00198,,,,
800.0 ,0.002409,,,,
799.8 ,0.026907,,,,
799.6 ,0.021922,,,,
799.4 ,0.01201,,,,
799.2 ,0.021532,,,,
799.0 ,0.018523,,,,
798.8 ,0.004131,,,,
798.6 ,0.015487,,,,
798.4 ,0.007732,,,,
798.2 ,0.026186,,,,
798.0 ,0.003594,,,,
797.8 ,0.033157,,,,
797.6 ,0.022885,,,,
797.4 ,0.011142,,,,
797.2 ,0.016048,,,,
797.0 ,0.002117,,,,
796.8 ,0.016934,,,,
796.6 ,0.000933,,,,
796.4 ,0.013766,,,,
796.2 ,0.00465,,,,
796.0 ,0.004407,,,,
795.8 ,0.010387,,,,
795.6 ,0.004589,,,,
795.4 ,0.015587,,,,
795.2 ,0.006401,,,,
795.0 ,0.030752,,,,
794.8 ,0.001814,,,,
794.6 ,0.019709,,,,
794.4 ,0.017144,,,,
794.2 ,0.003597,,,,
794.0 ,0.027547,,,,
793.8 ,0,,,,
793.6 ,0.02562,,,,
793.4 ,0.023034,,,,
793.2 ,0.020276,,,,
793.0 ,0.001983,,,,
792.8 ,0.005923,,,,
792.6 ,0.017494,,,,
792.4 ,0.005243,,,,
792.2 ,0.007831,,,,
792.0 ,0.012154,,,,
791.8 ,0.002375,,,,
791.6 ,0.023472,,,,
791.4 ,0.004503,,,,
791.2 ,0.020307,,,,
791.0 ,0.003409,,,,
790.8 ,0.005092,,,,
790.6 ,0.010364,,,,
790.4 ,0.016628,,,,
790.2 ,0.004199,,,,
790.0 ,0.016763,,,,
789.8 ,0.024929,,,,
789.6 ,0.014127,,,,
789.4 ,0.001452,,,,
789.2 ,0.005176,,,,
789.0 ,0.014805,,,,
788.8 ,0.013154,,,,
788.6 ,0.01085,,,,
788.4 ,0.01695,,,,
788.2 ,0.01366,,,,
788.0 ,0.000811,,,,
787.8 ,0.000807,,,,
787.6 ,0.015512,,,,
787.4 ,0.027224,,,,
787.2 ,0.012602,,,,
787.0 ,0.003191,,,,
786.8 ,0.007139,,,,
786.6 ,0.004957,,,,
786.4 ,0.000984,,,,
786.2 ,0.00788,,,,
786.0 ,0.011173,,,,
785.8 ,0.014088,,,,
785.6 ,0.0111,,,,
785.4 ,0.003108,,,,
785.2 ,0.007154,,,,
785.0 ,0.014088,,,,
784.8 ,0.019014,,,,
784.6 ,0.006324,,,,
784.4 ,0.00305,,,,
784.2 ,0.009704,,,,
784.0 ,0.002463,,,,
783.8 ,0.018275,,,,
783.6 ,0.009205,,,,
783.4 ,0.02022,,,,
783.2 ,0.0232,,,,
783.0 ,0.002977,,,,
782.8 ,0.011696,,,,
782.6 ,0.012577,,,,
782.4 ,0.009577,,,,
782.2 ,0.012678,,,,
782.0 ,0.001464,,,,
781.8 ,0.000912,,,,
781.6 ,0.011641,,,,
781.4 ,0.025322,,,,
781.2 ,0.002163,,,,
781.0 ,0.015116,,,,
780.8 ,0.018629,,,,
780.6 ,0.00785,,,,
780.4 ,0.008707,,,,
780.2 ,0.000885,,,,
780.0 ,0.014099,,,,
779.8 ,0.009096,,,,
779.6 ,0.01324,,,,
779.4 ,0.007116,,,,
779.2 ,0.004142,,,,
779.0 ,0.006181,,,,
778.8 ,0.00154,,,,
778.6 ,0.000513,,,,
778.4 ,0.014487,,,,
778.2 ,0.001524,,,,
778.0 ,0.006082,,,,
777.8 ,0.005903,,,,
777.6 ,0.019486,,,,
777.4 ,0.021354,,,,
777.2 ,0.004661,,,,
777.0 ,0.003973,,,,
776.8 ,0.003136,,,,
776.6 ,0.007722,,,,
776.4 ,0.001314,,,,
776.2 ,0.018296,,,,
776.0 ,0.000651,,,,
775.8 ,0.013598,,,,
775.6 ,0.007928,,,,
775.4 ,0.016074,,,,
775.2 ,0.012374,,,,
775.0 ,0.016641,,,,
774.8 ,0.021168,,,,
774.6 ,0.018409,,,,
774.4 ,0.012049,,,,
774.2 ,0.000789,,,,
774.0 ,0.013828,,,,
773.8 ,0.0108,,,,
773.6 ,0.019378,,,,
773.4 ,0,,,,
773.2 ,0.0135,,,,
773.0 ,0.003548,,,,
772.8 ,0.006769,,,,
772.6 ,0.001226,,,,
772.4 ,0.01358,,,,
772.2 ,0.007914,,,,
772.0 ,0.011519,,,,
771.8 ,0.007102,,,,
771.6 ,0.020435,,,,
771.4 ,0,,,,
771.2 ,0.015425,,,,
771.0 ,0.00895,,,,
770.8 ,0.023856,,,,
770.6 ,0.011088,,,,
770.4 ,0.000589,,,,
770.2 ,0.011172,,,,
770.0 ,0.000734,,,,
769.8 ,0.004079,,,,
769.6 ,0.008141,,,,
769.4 ,0.01445,,,,
769.2 ,0.0085,,,,
769.0 ,0.002875,,,,
768.8 ,0.012449,,,,
768.6 ,0.003993,,,,
768.4 ,0.004142,,,,
768.2 ,0.002414,,,,
768.0 ,0.015391,,,,
767.8 ,0.005199,,,,
767.6 ,0.006028,,,,
767.4 ,0.01961,,,,
767.2 ,0.000139,,,,
767.0 ,0.006112,,,,
766.8 ,0.024261,,,,
766.6 ,0.012006,,,,
766.4 ,0.007704,,,,
766.2 ,0.018664,,,,
766.0 ,0.0056,,,,
765.8 ,0.017491,,,,
765.6 ,0.013726,,,,
765.4 ,0.00311,,,,
765.2 ,0.011922,,,,
765.0 ,0.000134,,,,
764.8 ,0.002815,,,,
764.6 ,0.017002,,,,
764.4 ,0.007875,,,,
764.2 ,0.014951,,,,
764.0 ,0.003185,,,,
763.8 ,0.002251,,,,
763.6 ,0.001717,,,,
763.4 ,0.008581,,,,
763.2 ,0.001969,,,,
763.0 ,0.013728,,,,
762.8 ,0.004681,,,,
762.6 ,0.002465,,,,
762.4 ,0.001681,,,,
762.2 ,0.001029,,,,
762.0 ,0.020029,,,,
761.8 ,0.002557,,,,
761.6 ,0.013662,,,,
761.4 ,0.010677,,,,
761.2 ,0.000507,,,,
761.0 ,0.012298,,,,
760.8 ,0.000379,,,,
760.6 ,0.006559,,,,
760.4 ,0.006408,,,,
760.2 ,0.009506,,,,
760.0 ,0.009981,,,,
759.8 ,0.00509,,,,
759.6 ,0.002971,,,,
759.4 ,0.008974,,,,
759.2 ,0.008307,,,,
759.0 ,0.001464,,,,
758.8 ,0.004503,,,,
758.6 ,0.000121,,,,
758.4 ,0.002415,,,,
758.2 ,0.013345,,,,
758.0 ,0.001918,,,,
757.8 ,0.014319,,,,
757.6 ,0.001548,,,,
757.4 ,0.016469,,,,
757.2 ,0.003664,,,,
757.0 ,0.006504,,,,
756.8 ,0.016803,,,,
756.6 ,0.007509,,,,
756.4 ,0.001406,,,,
756.2 ,0.000467,,,,
756.0 ,0.00523,,,,
755.8 ,0.001276,,,,
755.6 ,0.006496,,,,
755.4 ,0.002766,,,,
755.2 ,0.001038,,,,
755.0 ,0.004601,,,,
754.8 ,0.004127,,,,
754.6 ,0.018649,,,,
754.4 ,0.008684,,,,
754.2 ,0.004899,,,,
754.0 ,0.01313,,,,
753.8 ,0.002378,,,,
753.6 ,0.012965,,,,
753.4 ,0.012069,,,,
753.2 ,0.0036,,,,
753.0 ,0.00213,,,,
752.8 ,0.008052,,,,
752.6 ,0.013508,,,,
752.4 ,0.007909,,,,
752.2 ,0.005452,,,,
752.0 ,0.01152,,,,
751.8 ,0.001772,,,,
751.6 ,0.001657,,,,
751.4 ,0.004728,,,,
751.2 ,0.010571,,,,
751.0 ,0.003945,,,,
750.8 ,0.00427,,,,
750.6 ,0.013213,,,,
750.4 ,0.015258,,,,
750.2 ,0.001629,,,,
750.0 ,0.008266,,,,
749.8 ,0.000866,,,,
749.6 ,0.002595,,,,
749.4 ,0.002158,,,,
749.2 ,0.000432,,,,
749.0 ,0.014755,,,,
748.8 ,0.010753,,,,
748.6 ,0.003001,,,,
748.4 ,0.007299,,,,
748.2 ,0.010715,,,,
748.0 ,0.007592,,,,
747.8 ,0.001387,,,,
747.6 ,0.000854,,,,
747.4 ,0.019175,,,,
747.2 ,0.008505,,,,
747.0 ,0.003087,,,,
746.8 ,0.006682,,,,
746.6 ,0.019465,,,,
746.4 ,0.003811,,,,
746.2 ,0.004338,,,,
746.0 ,0.005493,,,,
745.8 ,0.0115,,,,
745.6 ,0.001791,,,,
745.4 ,0.015044,,,,
745.2 ,0.019724,,,,
745.0 ,0.007159,,,,
744.8 ,0.022635,,,,
744.6 ,0.005037,,,,
744.4 ,0,,,,
744.2 ,0.005154,,,,
744.0 ,0.010498,,,,
743.8 ,0.007137,,,,
743.6 ,0.019609,,,,
743.4 ,0.005769,,,,
743.2 ,0.024793,,,,
743.0 ,0.001153,,,,
742.8 ,0.00504,,,,
742.6 ,0.007142,,,,
742.4 ,0.010907,,,,
742.2 ,0.003673,,,,
742.0 ,0.009251,,,,
741.8 ,0.000736,,,,
741.6 ,0.002421,,,,
741.4 ,0.003055,,,,
741.2 ,0.010434,,,,
741.0 ,0.00507,,,,
740.8 ,0.005813,,,,
740.6 ,0.010682,,,,
740.4 ,0.000106,,,,
740.2 ,0.001592,,,,
740.0 ,0.012243,,,,
739.8 ,0.006418,,,,
739.6 ,0.001395,,,,
739.4 ,0.010868,,,,
739.2 ,0.000542,,,,
739.0 ,0.012434,,,,
738.8 ,0.007077,,,,
738.6 ,0.000436,,,,
738.4 ,0.004912,,,,
738.2 ,0.001756,,,,
738.0 ,0.01285,,,,
737.8 ,0.003076,,,,
737.6 ,0.008364,,,,
737.4 ,0.000881,,,,
737.2 ,0.008694,,,,
737.0 ,0.014585,,,,
736.8 ,0.007761,,,,
736.6 ,0.01177,,,,
736.4 ,0.003153,,,,
736.2 ,0.010425,,,,
736.0 ,0.008969,,,,
735.8 ,0.012093,,,,
735.6 ,0.000861,,,,
735.4 ,0.005695,,,,
735.2 ,0.018685,,,,
735.0 ,0.005455,,,,
734.8 ,0.000851,,,,
734.6 ,0.000957,,,,
734.4 ,0.007618,,,,
734.2 ,0.010235,,,,
734.0 ,0.002106,,,,
733.8 ,0.003258,,,,
733.6 ,0.009659,,,,
733.4 ,0.002923,,,,
733.2 ,0.012086,,,,
733.0 ,0.002806,,,,
732.8 ,0.007876,,,,
732.6 ,0.012007,,,,
732.4 ,0.003307,,,,
732.2 ,0.000412,,,,
732.0 ,0.01181,,,,
731.8 ,0.002862,,,,
731.6 ,0.002451,,,,
731.4 ,0.011397,,,,
731.2 ,0.009844,,,,
731.0 ,0.008103,,,,
730.8 ,0.007775,,,,
730.6 ,0.002313,,,,
730.4 ,0.007733,,,,
730.2 ,0.0027,,,,
730.0 ,0.003887,,,,
729.8 ,0.00169,,,,
729.6 ,0.003969,,,,
729.4 ,0.009595,,,,
729.2 ,0.008979,,,,
729.0 ,0.002367,,,,
728.8 ,0.010924,,,,
728.6 ,0.007944,,,,
728.4 ,0.002352,,,,
728.2 ,0.018309,,,,
728.0 ,0.001167,,,,
727.8 ,0.00553,,,,
727.6 ,0.004534,,,,
727.4 ,0.00773,,,,
727.2 ,0.007798,,,,
727.0 ,0.008957,,,,
726.8 ,0.009183,,,,
726.6 ,0.006863,,,,
726.4 ,0.004963,,,,
726.2 ,0.008627,,,,
726.0 ,0.000378,,,,
725.8 ,0.0053,,,,
725.6 ,0.005285,,,,
725.4 ,0.004507,,,,
725.2 ,0.001502,,,,
725.0 ,0.012065,,,,
724.8 ,0.007936,,,,
724.6 ,0.004829,,,,
724.4 ,0.000833,,,,
724.2 ,0.019864,,,,
724.0 ,0.010704,,,,
723.8 ,0.000092,,,,
723.6 ,0.003666,,,,
723.4 ,0.010849,,,,
723.2 ,0.00575,,,,
723.0 ,0.001725,,,,
722.8 ,0.000996,,,,
722.6 ,0.00614,,,,
722.4 ,0.006857,,,,
722.2 ,0.002154,,,,
722.0 ,0.002599,,,,
721.8 ,0.003847,,,,
721.6 ,0.004181,,,,
721.4 ,0.001067,,,,
721.2 ,0.001065,,,,
721.0 ,0.002831,,,,
720.8 ,0.000352,,,,
720.6 ,0.001323,,,,
720.4 ,0.002197,,,,
720.2 ,0.002796,,,,
720.0 ,0.013368,,,,
719.8 ,0.005127,,,,
719.6 ,0.002688,,,,
719.4 ,0.00657,,,,
719.2 ,0.006479,,,,
719.0 ,0.000345,,,,
718.8 ,0.008334,,,,
718.6 ,0.006231,,,,
718.4 ,0.003506,,,,
718.2 ,0.008162,,,,
718.0 ,0.002804,,,,
717.8 ,0.003802,,,,
717.6 ,0.012149,,,,
717.4 ,0.00731,,,,
717.2 ,0.0114,,,,
717.0 ,0.006776,,,,
716.8 ,0.001002,,,,
716.6 ,0.00266,,,,
716.4 ,0.000994,,,,
716.2 ,0.01198,,,,
716.0 ,0.000082,,,,
715.8 ,0.008544,,,,
715.6 ,0.010483,,,,
715.4 ,0.005548,,,,
715.2 ,0.000407,,,,
715.0 ,0.001708,,,,
714.8 ,0.004129,,,,
714.6 ,0.000727,,,,
714.4 ,0.011932,,,,
714.2 ,0.012939,,,,
714.0 ,0.007056,,,,
713.8 ,0.001281,,,,
713.6 ,0.006938,,,,
713.4 ,0.012085,,,,
713.2 ,0.00761,,,,
713.0 ,0.006645,,,,
712.8 ,0.000946,,,,
712.6 ,0.01071,,,,
712.4 ,0.003761,,,,
712.2 ,0.005946,,,,
712.0 ,0.010605,,,,
711.8 ,0.001867,,,,
711.6 ,0.006738,,,,
711.4 ,0.010554,,,,
711.2 ,0.006778,,,,
711.0 ,0.004922,,,,
710.8 ,0.002234,,,,
710.6 ,0.000842,,,,
710.4 ,0.000381,,,,
710.2 ,0.008207,,,,
710.0 ,0.001821,,,,
709.8 ,0.004618,,,,
709.6 ,0.000226,,,,
709.4 ,0.003238,,,,
709.2 ,0.002102,,,,
709.0 ,0.003894,,,,
708.8 ,0.000075,,,,
708.6 ,0.009822,,,,
708.4 ,0.004155,,,,
708.2 ,0.002298,,,,
708.0 ,0.011538,,,,
707.8 ,0.009214,,,,
707.6 ,0.006835,,,,
707.4 ,0.013147,,,,
707.2 ,0.003145,,,,
707.0 ,0.005838,,,,
706.8 ,0.001747,,,,
706.6 ,0.001452,,,,
706.4 ,0.002672,,,,
706.2 ,0.001516,,,,
706.0 ,0.000287,,,,
705.8 ,0.002586,,,,
705.6 ,0.000359,,,,
705.4 ,0.004498,,,,
705.2 ,0.002924,,,,
705.0 ,0.00405,,,,
704.8 ,0.003392,,,,
704.6 ,0.008125,,,,
704.4 ,0.000844,,,,
704.2 ,0.006463,,,,
704.0 ,0.00021,,,,
703.8 ,0.00175,,,,
703.6 ,0.008845,,,,
703.4 ,0,,,,
703.2 ,0.000554,,,,
703.0 ,0.006079,,,,
702.8 ,0.00365,,,,
702.6 ,0.001097,,,,
702.4 ,0.000548,,,,
702.2 ,0.000273,,,,
702.0 ,0.009806,,,,
701.8 ,0.008711,,,,
701.6 ,0.003795,,,,
701.4 ,0.003046,,,,
701.2 ,0.003241,,,,
701.0 ,0.006785,,,,
700.8 ,0.003552,,,,
700.6 ,0.006751,,,,
700.4 ,0.00207,,,,
700.2 ,0.003461,,,,
700.0 ,0.006364,,,,
699.8 ,0.003184,,,,
699.6 ,0.00765,,,,
699.4 ,0.000263,,,,
699.2 ,0.001118,,,,
699.0 ,0.003074,,,,
698.8 ,0.003722,,,,
698.6 ,0.005213,,,,
698.4 ,0.00078,,,,
698.2 ,0.005963,,,,
698.0 ,0.002518,,,,
697.8 ,0.00986,,,,
697.6 ,0.004046,,,,
697.4 ,0.001089,,,,
697.2 ,0.002109,,,,
697.0 ,0.006119,,,,
696.8 ,0.008886,,,,
696.6 ,0.003736,,,,
696.4 ,0.002589,,,,
696.2 ,0.008256,,,,
696.0 ,0.001509,,,,
695.8 ,0.001002,,,,
695.6 ,0.002751,,,,
695.4 ,0.007493,,,,
695.2 ,0.000062,,,,
695.0 ,0.003535,,,,
694.8 ,0.000989,,,,
694.6 ,0.00272,,,,
694.4 ,0.010065,,,,
694.2 ,0.004982,,,,
694.0 ,0.000798,,,,
693.8 ,0.000672,,,,
693.6 ,0.003109,,,,
693.4 ,0.007115,,,,
693.2 ,0.001697,,,,
693.0 ,0.000181,,,,
692.8 ,0.000422,,,,
692.6 ,0.007453,,,,
692.4 ,0.002159,,,,
692.2 ,0.001019,,,,
692.0 ,0.007158,,,,
691.8 ,0.000952,,,,
691.6 ,0.005056,,,,
691.4 ,0.003019,,,,
691.2 ,0.000769,,,,
691.0 ,0.003011,,,,
690.8 ,0.000705,,,,
690.6 ,0.004695,,,,
690.4 ,0.006069,,,,
690.2 ,0.005317,,,,
690.0 ,0.004015,,,,
689.8 ,0.007649,,,,
689.6 ,0,,,,
689.4 ,0.004089,,,,
689.2 ,0.002474,,,,
689.0 ,0.006033,,,,
688.8 ,0.000918,,,,
688.6 ,0.001141,,,,
688.4 ,0.000969,,,,
688.2 ,0.002273,,,,
688.0 ,0.004752,,,,
687.8 ,0.006961,,,,
687.6 ,0.004006,,,,
687.4 ,0.002699,,,,
687.2 ,0.006286,,,,
687.0 ,0.003138,,,,
686.8 ,0.008947,,,,
686.6 ,0.001338,,,,
686.4 ,0.000941,,,,
686.2 ,0.008181,,,,
686.0 ,0.005083,,,,
685.8 ,0.00568,,,,
685.6 ,0.000879,,,,
685.4 ,0.000879,,,,
685.2 ,0.005627,,,,
685.0 ,0.00071,,,,
684.8 ,0.001524,,,,
684.6 ,0.001301,,,,
684.4 ,0.004325,,,,
684.2 ,0.002588,,,,
684.0 ,0.002369,,,,
683.8 ,0.003595,,,,
683.6 ,0.005148,,,,
683.4 ,0.005714,,,,
683.2 ,0.002924,,,,
683.0 ,0.000372,,,,
682.8 ,0.001485,,,,
682.6 ,0.00445,,,,
682.4 ,0.005077,,,,
682.2 ,0.004156,,,,
682.0 ,0.000787,,,,
681.8 ,0.003091,,,,
681.6 ,0,,,,
681.4 ,0.001721,,,,
681.2 ,0.002236,,,,
681.0 ,0.001035,,,,
680.8 ,0.008333,,,,
680.6 ,0.005725,,,,
680.4 ,0.002668,,,,
680.2 ,0.001592,,,,
680.0 ,0.006405,,,,
679.8 ,0.004443,,,,
679.6 ,0.00489,,,,
679.4 ,0.005083,,,,
679.2 ,0.000456,,,,
679.0 ,0.004693,,,,
678.8 ,0.004898,,,,
678.6 ,0.001757,,,,
678.4 ,0.000601,,,,
678.2 ,0.003406,,,,
678.0 ,0.001398,,,,
677.8 ,0.005581,,,,
677.6 ,0.000844,,,,
677.4 ,0.003164,,,,
677.2 ,0.002423,,,,
677.0 ,0.006301,,,,
676.8 ,0.001573,,,,
676.6 ,0.007845,,,,
676.4 ,0.002882,,,,
676.2 ,0.001217,,,,
676.0 ,0.000974,,,,
675.8 ,0.000194,,,,
675.6 ,0.001744,,,,
675.4 ,0.000966,,,,
675.2 ,0.004191,,,,
675.0 ,0.005958,,,,
674.8 ,0.000719,,,,
674.6 ,0.005549,,,,
674.4 ,0.007497,,,,
674.2 ,0.001144,,,,
674.0 ,0.001327,,,,
673.8 ,0.00856,,,,
673.6 ,0.002272,,,,
673.4 ,0.006215,,,,
673.2 ,0.001177,,,,
673.0 ,0.001316,,,,
672.8 ,0.003555,,,,
672.6 ,0.00126,,,,
672.4 ,0.006879,,,,
672.2 ,0.00316,,,,
672.0 ,0.000231,,,,
671.8 ,0.002404,,,,
671.6 ,0.002995,,,,
671.4 ,0.004012,,,,
671.2 ,0.003491,,,,
671.0 ,0.006171,,,,
670.8 ,0.004985,,,,
670.6 ,0.004928,,,,
670.4 ,0.004916,,,,
670.2 ,0.004361,,,,
670.0 ,0.005624,,,,
669.8 ,0.004739,,,,
669.6 ,0.004014,,,,
669.4 ,0.003819,,,,
669.2 ,0.003009,,,,
669.0 ,0.000894,,,,
668.8 ,0.005674,,,,
668.6 ,0.004098,,,,
668.4 ,0.001018,,,,
668.2 ,0.001019,,,,
668.0 ,0.000177,,,,
667.8 ,0.004932,,,,
667.6 ,0.000571,,,,
667.4 ,0.003913,,,,
667.2 ,0,,,,
667.0 ,0.004197,,,,
666.8 ,0.001219,,,,
666.6 ,0.00466,,,,
666.4 ,0.004037,,,,
666.2 ,0.001429,,,,
666.0 ,0.000172,,,,
665.8 ,0.003742,,,,
665.6 ,0.002235,,,,
665.4 ,0.002877,,,,
665.2 ,0.002226,,,,
665.0 ,0.002391,,,,
664.8 ,0.006479,,,,
664.6 ,0.002168,,,,
664.4 ,0.000847,,,,
664.2 ,0.003213,,,,
664.0 ,0.001897,,,,
663.8 ,0.005183,,,,
663.6 ,0.004042,,,,
663.4 ,0.001174,,,,
663.2 ,0.003638,,,,
663.0 ,0.002882,,,,
662.8 ,0.005157,,,,
662.6 ,0.000498,,,,
662.4 ,0.000872,,,,
662.2 ,0.002975,,,,
662.0 ,0.003349,,,,
661.8 ,0.003454,,,,
661.6 ,0.003328,,,,
661.4 ,0.00541,,,,
661.2 ,0.003437,,,,
661.0 ,0.001921,,,,
660.8 ,0.000122,,,,
660.6 ,0.002396,,,,
660.4 ,0.000606,,,,
660.2 ,0.000364,,,,
660.0 ,0.00242,,,,
659.8 ,0.002853,,,,
659.6 ,0.001165,,,,
659.4 ,0.001762,,,,
659.2 ,0.005567,,,,
659.0 ,0.000438,,,,
658.8 ,0.004343,,,,
658.6 ,0.000952,,,,
658.4 ,0.006185,,,,
658.2 ,0.00083,,,,
658.0 ,0.003901,,,,
657.8 ,0.000157,,,,
657.6 ,0.000196,,,,
657.4 ,0.000117,,,,
657.2 ,0.004328,,,,
657.0 ,0.00628,,,,
656.8 ,0.00187,,,,
656.6 ,0.00136,,,,
656.4 ,0.001548,,,,
656.2 ,0.00151,,,,
656.0 ,0.005245,,,,
655.8 ,0.001076,,,,
655.6 ,0.004295,,,,
655.4 ,0,,,,
655.2 ,0.004475,,,,
655.0 ,0.003241,,,,
654.8 ,0.003349,,,,
654.6 ,0.005017,,,,
654.4 ,0.006109,,,,
654.2 ,0.001098,,,,
654.0 ,0.003161,,,,
653.8 ,0.000752,,,,
653.6 ,0.00124,,,,
653.4 ,0.002736,,,,
653.2 ,0.003035,,,,
653.0 ,0.00418,,,,
652.8 ,0.004328,,,,
652.6 ,0.000335,,,,
652.4 ,0.002967,,,,
652.2 ,0.001479,,,,
652.0 ,0.006221,,,,
651.8 ,0.00166,,,,
651.6 ,0.001031,,,,
651.4 ,0.002679,,,,
651.2 ,0.001283,,,,
651.0 ,0.001131,,,,
650.8 ,0.004086,,,,
650.6 ,0.00729,,,,
650.4 ,0.000036,,,,
650.2 ,0.001417,,,,
650.0 ,0.002025,,,,
649.8 ,0.000144,,,,
649.6 ,0.000432,,,,
649.4 ,0.002772,,,,
649.2 ,0.001723,,,,
649.0 ,0.002727,,,,
648.8 ,0.000142,,,,
648.6 ,0.001856,,,,
648.4 ,0.003702,,,,
648.2 ,0.000249,,,,
648.0 ,0.00039,,,,
647.8 ,0.003966,,,,
647.6 ,0.004974,,,,
647.4 ,0.000423,,,,
647.2 ,0.003235,,,,
647.0 ,0.002525,,,,
646.8 ,0.002104,,,,
646.6 ,0.001257,,,,
646.4 ,0.001533,,,,
646.2 ,0.001918,,,,
646.0 ,0.00566,,,,
645.8 ,0.002117,,,,
645.6 ,0.004291,,,,
645.4 ,0.003035,,,,
645.2 ,0.000103,,,,
645.0 ,0.000275,,,,
644.8 ,0.001236,,,,
644.6 ,0.004833,,,,
644.4 ,0.001266,,,,
644.2 ,0.003179,,,,
644.0 ,0.000783,,,,
643.8 ,0.00204,,,,
643.6 ,0.002175,,,,
643.4 ,0.004845,,,,
643.2 ,0.003243,,,,
643.0 ,0.001347,,,,
642.8 ,0.000033,,,,
642.6 ,0.001915,,,,
642.4 ,0.001207,,,,
642.2 ,0.002041,,,,
642.0 ,0.002142,,,,
641.8 ,0.003199,,,,
641.6 ,0.001695,,,,
641.4 ,0.000265,,,,
641.2 ,0.002683,,,,
641.0 ,0.000264,,,,
640.8 ,0.002676,,,,
640.6 ,0.001353,,,,
640.4 ,0.002665,,,,
640.2 ,0.001446,,,,
640.0 ,0.002655,,,,
639.8 ,0.001865,,,,
639.6 ,0.000781,,,,
639.4 ,0.003285,,,,
639.2 ,0.001724,,,,
639.0 ,0.004284,,,,
638.8 ,0.000388,,,,
638.6 ,0.002973,,,,
638.4 ,0.001645,,,,
638.2 ,0.004219,,,,
638.0 ,0.000805,,,,
637.8 ,0.004329,,,,
637.6 ,0.003684,,,,
637.4 ,0.000736,,,,
637.2 ,0.002136,,,,
637.0 ,0.005087,,,,
636.8 ,0.002958,,,,
636.6 ,0.000507,,,,
636.4 ,0.002153,,,,
636.2 ,0.003664,,,,
636.0 ,0.002271,,,,
635.8 ,0.002142,,,,
635.6 ,0.002514,,,,
635.4 ,0.004384,,,,
635.2 ,0.001628,,,,
635.0 ,0.000031,,,,
634.8 ,0.002495,,,,
634.6 ,0.000342,,,,
634.4 ,0.001742,,,,
634.2 ,0.002327,,,,
634.0 ,0.000711,,,,
633.8 ,0.005323,,,,
633.6 ,0.004288,,,,
633.4 ,0.004063,,,,
633.2 ,0.003078,,,,
633.0 ,0.000706,,,,
632.8 ,0.000337,,,,
632.6 ,0.003156,,,,
632.4 ,0.000978,,,,
632.2 ,0.001464,,,,
632.0 ,0.002831,,,,
631.8 ,0.001673,,,,
631.6 ,0.003302,,,,
631.4 ,0.001362,,,,
631.2 ,0.002269,,,,
631.0 ,0.001058,,,,
630.8 ,0.005794,,,,
630.6 ,0.004668,,,,
630.4 ,0.002883,,,,
630.2 ,0.002793,,,,
630.0 ,0.00566,,,,
629.8 ,0.000627,,,,
629.6 ,0.000478,,,,
629.4 ,0.003216,,,,
629.2 ,0.000356,,,,
629.0 ,0.003445,,,,
628.8 ,0.000712,,,,
628.6 ,0.003438,,,,
628.4 ,0.001684,,,,
628.2 ,0.000736,,,,
628.0 ,0.002441,,,,
627.8 ,0.002229,,,,
627.6 ,0.003664,,,,
627.4 ,0.00208,,,,
627.2 ,0.002257,,,,
627.0 ,0.003179,,,,
626.8 ,0.003641,,,,
626.6 ,0.000699,,,,
626.4 ,0.002562,,,,
626.2 ,0.00349,,,,
626.0 ,0.003102,,,,
625.8 ,0.002428,,,,
625.6 ,0.003844,,,,
625.4 ,0.000576,,,,
625.2 ,0.000806,,,,
625.0 ,0.001494,,,,
624.8 ,0.000918,,,,
624.6 ,0.000918,,,,
624.4 ,0.000201,,,,
624.2 ,0.002084,,,,
624.0 ,0.000797,,,,
623.8 ,0.002992,,,,
623.6 ,0.003494,,,,
623.4 ,0.00375,,,,
623.2 ,0.000255,,,,
623.0 ,0.000906,,,,
622.8 ,0.002347,,,,
622.6 ,0.002145,,,,
622.4 ,0.002706,,,,
622.2 ,0.001239,,,,
622.0 ,0.001576,,,,
621.8 ,0.002916,,,,
621.6 ,0.004903,,,,
621.4 ,0.00422,,,,
621.2 ,0.001787,,,,
621.0 ,0.003543,,,,
620.8 ,0.002341,,,,
620.6 ,0.00278,,,,
620.4 ,0.002974,,,,
620.2 ,0.000862,,,,
620.0 ,0.004074,,,,
619.8 ,0.005799,,,,
619.6 ,0.003553,,,,
619.4 ,0.001665,,,,
619.2 ,0.001665,,,,
619.0 ,0.000885,,,,
618.8 ,0.000138,,,,
618.6 ,0.00135,,,,
618.4 ,0.001567,,,,
618.2 ,0.00044,,,,
618.0 ,0.001512,,,,
617.8 ,0,,,,
617.6 ,0.002854,,,,
617.4 ,0.003284,,,,
617.2 ,0.004567,,,,
617.0 ,0.003736,,,,
616.8 ,0.001279,,,,
616.6 ,0.002046,,,,
616.4 ,0.003498,,,,
616.2 ,0.00068,,,,
616.0 ,0.007119,,,,
615.8 ,0.000947,,,,
615.6 ,0.001299,,,,
615.4 ,0.000216,,,,
615.2 ,0.003532,,,,
615.0 ,0.000188,,,,
614.8 ,0.000456,,,,
614.6 ,0.001932,,,,
614.4 ,0.000188,,,,
614.2 ,0.000749,,,,
614.0 ,0.002032,,,,
613.8 ,0.003949,,,,
613.6 ,0.000027,,,,
613.4 ,0.003816,,,,
613.2 ,0.002476,,,,
613.0 ,0.000213,,,,
612.8 ,0.00244,,,,
612.6 ,0.001486,,,,
612.4 ,0.000079,,,,
612.2 ,0.002406,,,,
612.0 ,0.001163,,,,
611.8 ,0.003055,,,,
611.6 ,0.000817,,,,
611.4 ,0.000816,,,,
611.2 ,0.002816,,,,
611.0 ,0.000735,,,,
610.8 ,0.001337,,,,
610.6 ,0.00186,,,,
610.4 ,0.001778,,,,
610.2 ,0.001989,,,,
610.0 ,0.000104,,,,
609.8 ,0.001669,,,,
609.6 ,0.000104,,,,
609.4 ,0.001586,,,,
609.2 ,0.003553,,,,
609.0 ,0.006125,,,,
608.8 ,0.001893,,,,
608.6 ,0.004324,,,,
608.4 ,0.005345,,,,
608.2 ,0.008512,,,,
608.0 ,0.00524,,,,
607.8 ,0.004218,,,,
607.6 ,0.001849,,,,
607.4 ,0.000719,,,,
607.2 ,0.001517,,,,
607.0 ,0.003156,,,,
606.8 ,0.000819,,,,
606.6 ,0.001126,,,,
606.4 ,0.001714,,,,
606.2 ,0.001608,,,,
606.0 ,0.00564,,,,
605.8 ,0.002723,,,,
605.6 ,0.001832,,,,
605.4 ,0.001902,,,,
605.2 ,0.003483,,,,
605.0 ,0.003354,,,,
604.8 ,0.000507,,,,
604.6 ,0.004567,,,,
604.4 ,0.001693,,,,
604.2 ,0.001516,,,,
604.0 ,0.000883,,,,
603.8 ,0.002296,,,,
603.6 ,0.000729,,,,
603.4 ,0.003795,,,,
603.2 ,0.001105,,,,
603.0 ,0.000528,,,,
602.8 ,0.003209,,,,
602.6 ,0.000978,,,,
602.4 ,0.003233,,,,
602.2 ,0.001625,,,,
602.0 ,0.002905,,,,
601.8 ,0.001675,,,,
601.6 ,0.001172,,,,
601.4 ,0.003268,,,,
601.2 ,0.004283,,,,
601.0 ,0.001915,,,,
600.8 ,0.000298,,,,
600.6 ,0.001786,,,,
600.4 ,0.000024,,,,
600.2 ,0.002379,,,,
600.0 ,0.002571,,,,
599.8 ,0.00047,,,,
599.6 ,0.002274,,,,
599.4 ,0.000123,,,,
599.2 ,0.000419,,,,
599.0 ,0.002493,,,,
598.8 ,0.001305,,,,
598.6 ,0.00027,,,,
598.4 ,0.003344,,,,
598.2 ,0.002263,,,,
598.0 ,0,,,,
597.8 ,0.001349,,,,
597.6 ,0.004871,,,,
597.4 ,0.005098,,,,
597.2 ,0.000024,,,,
597.0 ,0.001247,,,,
596.8 ,0.00293,,,,
596.6 ,0.00156,,,,
596.4 ,0.002956,,,,
596.2 ,0.003769,,,,
596.0 ,0.001558,,,,
595.8 ,0.000778,,,,
595.6 ,0.002648,,,,
595.4 ,0.000778,,,,
595.2 ,0.000097,,,,
595.0 ,0.00017,,,,
594.8 ,0.000315,,,,
594.6 ,0.002252,,,,
594.4 ,0.001137,,,,
594.2 ,0.004064,,,,
594.0 ,0.004425,,,,
593.8 ,0.003474,,,,
593.6 ,0.004058,,,,
593.4 ,0.001425,,,,
593.2 ,0.001251,,,,
593.0 ,0.002795,,,,
592.8 ,0.002701,,,,
592.6 ,0.002669,,,,
592.4 ,0.000288,,,,
592.2 ,0.005676,,,,
592.0 ,0.000577,,,,
591.8 ,0.003361,,,,
591.6 ,0.00048,,,,
591.4 ,0.000767,,,,
591.2 ,0.001367,,,,
591.0 ,0.003251,,,,
590.8 ,0.000765,,,,
590.6 ,0.002009,,,,
590.4 ,0.001454,,,,
590.2 ,0.000477,,,,
590.0 ,0.000693,,,,
589.8 ,0.006764,,,,
589.6 ,0.002069,,,,
589.4 ,0.000784,,,,
589.2 ,0.000667,,,,
589.0 ,0.001498,,,,
588.8 ,0.001166,,,,
588.6 ,0.002463,,,,
588.4 ,0.001893,,,,
588.2 ,0.000285,,,,
588.0 ,0.000876,,,,
587.8 ,0.001137,,,,
587.6 ,0.006409,,,,
587.4 ,0.010129,,,,
587.2 ,0.00643,,,,
587.0 ,0.010291,,,,
586.8 ,0.006707,,,,
586.6 ,0.014046,,,,
586.4 ,0.013587,,,,
586.2 ,0.013282,,,,
586.0 ,0.010509,,,,
585.8 ,0.008619,,,,
585.6 ,0.010802,,,,
585.4 ,0.007856,,,,
585.2 ,0.005844,,,,
585.0 ,0.002511,,,,
584.8 ,0.003764,,,,
584.6 ,0.00068,,,,
584.4 ,0.002742,,,,
584.2 ,0.001055,,,,
584.0 ,0.000864,,,,
583.8 ,0.002617,,,,
583.6 ,0.00318,,,,
583.4 ,0.001683,,,,
583.2 ,0.00308,,,,
583.0 ,0.00091,,,,
582.8 ,0.003824,,,,
582.6 ,0.000559,,,,
582.4 ,0.002882,,,,
582.2 ,0.000209,,,,
582.0 ,0.001767,,,,
581.8 ,0.000649,,,,
581.6 ,0.001115,,,,
581.4 ,0.000648,,,,
581.2 ,0.000302,,,,
581.0 ,0.003794,,,,
580.8 ,0.000023,,,,
580.6 ,0.004147,,,,
580.4 ,0.000462,,,,
580.2 ,0.003142,,,,
580.0 ,0.001109,,,,
579.8 ,0.001292,,,,
579.6 ,0.000184,,,,
579.4 ,0.003043,,,,
579.2 ,0.001107,,,,
579.0 ,0.000483,,,,
578.8 ,0.002297,,,,
578.6 ,0.001566,,,,
578.4 ,0.003583,,,,
578.2 ,0.000919,,,,
578.0 ,0.000575,,,,
577.8 ,0.00285,,,,
577.6 ,0.001124,,,,
577.4 ,0.003605,,,,
577.2 ,0.000206,,,,
577.0 ,0.000732,,,,
576.8 ,0.000114,,,,
576.6 ,0.002107,,,,
576.4 ,0.001854,,,,
576.2 ,0.001164,,,,
576.0 ,0.001211,,,,
575.8 ,0.00137,,,,
575.6 ,0.001116,,,,
575.4 ,0.004663,,,,
575.2 ,0.005181,,,,
575.0 ,0.000662,,,,
574.8 ,0.000159,,,,
574.6 ,0.000547,,,,
574.4 ,0.00282,,,,
574.2 ,0.000205,,,,
574.0 ,0.003114,,,,
573.8 ,0.002,,,,
573.6 ,0.001884,,,,
573.4 ,0.001271,,,,
573.2 ,0.000841,,,,
573.0 ,0.002069,,,,
572.8 ,0.004631,,,,
572.6 ,0.001703,,,,
572.4 ,0.00127,,,,
572.2 ,0.000906,,,,
572.0 ,0.001627,,,,
571.8 ,0.002711,,,,
571.6 ,0.000068,,,,
571.4 ,0.000905,,,,
571.2 ,0.001197,,,,
571.0 ,0.00264,,,,
570.8 ,0.0019,,,,
570.6 ,0.003435,,,,
570.4 ,0.001808,,,,
570.2 ,0.000903,,,,
570.0 ,0.00054,,,,
569.8 ,0.000655,,,,
569.6 ,0.001532,,,,
569.4 ,0.001442,,,,
569.2 ,0.0009,,,,
569.0 ,0.002884,,,,
568.8 ,0.002974,,,,
568.6 ,0.001439,,,,
568.4 ,0.00384,,,,
568.2 ,0.001596,,,,
568.0 ,0.001819,,,,
567.8 ,0.001861,,,,
567.6 ,0.001775,,,,
567.4 ,0.002888,,,,
567.2 ,0.001437,,,,
567.0 ,0.000561,,,,
566.8 ,0.001252,,,,
566.6 ,0.000201,,,,
566.4 ,0.000178,,,,
566.2 ,0.003221,,,,
566.0 ,0.003831,,,,
565.8 ,0.000782,,,,
565.6 ,0.000179,,,,
565.4 ,0.002506,,,,
565.2 ,0.000156,,,,
565.0 ,0.003041,,,,
564.8 ,0.001609,,,,
564.6 ,0.001072,,,,
564.4 ,0.000513,,,,
564.2 ,0.00499,,,,
564.0 ,0.002234,,,,
563.8 ,0.003361,,,,
563.6 ,0.00118,,,,
563.4 ,0.001046,,,,
563.2 ,0.00491,,,,
563.0 ,0.006796,,,,
562.8 ,0.003385,,,,
562.6 ,0.006645,,,,
562.4 ,0.006743,,,,
562.2 ,0.004074,,,,
562.0 ,0.002335,,,,
561.8 ,0.003674,,,,
561.6 ,0.003727,,,,
561.4 ,0.003466,,,,
561.2 ,0.001693,,,,
561.0 ,0.002692,,,,
560.8 ,0.000799,,,,
560.6 ,0.001066,,,,
560.4 ,0.001797,,,,
560.2 ,0.000887,,,,
560.0 ,0.000332,,,,
559.8 ,0.001973,,,,
559.6 ,0.001862,,,,
559.4 ,0.003019,,,,
559.2 ,0.003373,,,,
559.0 ,0.001129,,,,
558.8 ,0.000885,,,,
558.6 ,0.001509,,,,
558.4 ,0.006004,,,,
558.2 ,0.002654,,,,
558.0 ,0.000088,,,,
557.8 ,0.003473,,,,
557.6 ,0.001833,,,,
557.4 ,0.00558,,,,
557.2 ,0.002591,,,,
557.0 ,0.002214,,,,
556.8 ,0.000332,,,,
556.6 ,0.000088,,,,
556.4 ,0.002583,,,,
556.2 ,0.001238,,,,
556.0 ,0.003981,,,,
555.8 ,0.004172,,,,
555.6 ,0.002121,,,,
555.4 ,0.00505,,,,
555.2 ,0.000882,,,,
555.0 ,0.001525,,,,
554.8 ,0.006892,,,,
554.6 ,0.002321,,,,
554.4 ,0.002764,,,,
554.2 ,0.002588,,,,
554.0 ,0.002058,,,,
553.8 ,0.001502,,,,
553.6 ,0.000441,,,,
553.4 ,0.00117,,,,
553.2 ,0.000463,,,,
553.0 ,0.004781,,,,
552.8 ,0.000442,,,,
552.6 ,0.003608,,,,
552.4 ,0.0015,,,,
552.2 ,0.001962,,,,
552.0 ,0.002009,,,,
551.8 ,0.00276,,,,
551.6 ,0,,,,
551.4 ,0.00221,,,,
551.2 ,0.002938,,,,
551.0 ,0.00546,,,,
550.8 ,0.003715,,,,
550.6 ,0.000375,,,,
550.4 ,0.00157,,,,
550.2 ,0.00256,,,,
550.0 ,0.002054,,,,
549.8 ,0.001059,,,,
549.6 ,0.002225,,,,
549.4 ,0.001324,,,,
549.2 ,0.002405,,,,
549.0 ,0.00106,,,,
548.8 ,0.002562,,,,
548.6 ,0.002383,,,,
548.4 ,0.000088,,,,
548.2 ,0.000859,,,,
548.0 ,0.0015,,,,
547.8 ,0.003086,,,,
547.6 ,0.003173,,,,
547.4 ,0.000996,,,,
547.2 ,0.003187,,,,
547.0 ,0.0046,,,,
546.8 ,0.000531,,,,
546.6 ,0.003204,,,,
546.4 ,0.003242,,,,
546.2 ,0.001081,,,,
546.0 ,0.001743,,,,
545.8 ,0.003093,,,,
545.6 ,0.002143,,,,
545.4 ,0.002303,,,,
545.2 ,0.002324,,,,
545.0 ,0.003447,,,,
544.8 ,0.001413,,,,
544.6 ,0.003272,,,,
544.4 ,0.005132,,,,
544.2 ,0.002807,,,,
544.0 ,0.000421,,,,
543.8 ,0.000199,,,,
543.6 ,0.000199,,,,
543.4 ,0.001128,,,,
543.2 ,0.002719,,,,
543.0 ,0.006912,,,,
542.8 ,0.002816,,,,
542.6 ,0.007127,,,,
542.4 ,0.011744,,,,
542.2 ,0.007002,,,,
542.0 ,0.00676,,,,
541.8 ,0.007595,,,,
541.6 ,0.008106,,,,
541.4 ,0.006115,,,,
541.2 ,0.00839,,,,
541.0 ,0.008426,,,,
540.8 ,0.006593,,,,
540.6 ,0.007161,,,,
540.4 ,0.009142,,,,
540.2 ,0.003827,,,,
540.0 ,0.003571,,,,
539.8 ,0.003981,,,,
539.6 ,0.007221,,,,
539.4 ,0.000978,,,,
539.2 ,0.005053,,,,
539.0 ,0.00282,,,,
538.8 ,0.004355,,,,
538.6 ,0.004829,,,,
538.4 ,0.003477,,,,
538.2 ,0.002291,,,,
538.0 ,0.001895,,,,
537.8 ,0.004608,,,,
537.6 ,0.002073,,,,
537.4 ,0.00116,,,,
537.2 ,0.001851,,,,
537.0 ,0.001604,,,,
536.8 ,0.00163,,,,
536.6 ,0.001075,,,,
536.4 ,0.002945,,,,
536.2 ,0.0025,,,,
536.0 ,0.000536,,,,
535.8 ,0.000357,,,,
535.6 ,0.003416,,,,
535.4 ,0.000802,,,,
535.2 ,0.002327,,,,
535.0 ,0.000179,,,,
534.8 ,0.000806,,,,
534.6 ,0.000561,,,,
534.4 ,0.001704,,,,
534.2 ,0.00469,,,,
534.0 ,0.004662,,,,
533.8 ,0.002424,,,,
533.6 ,0.00128,,,,
533.4 ,0.003865,,,,
533.2 ,0.002271,,,,
533.0 ,0.000269,,,,
532.8 ,0.0009,,,,
532.6 ,0.002427,,,,
532.4 ,0.001958,,,,
532.2 ,0.001529,,,,
532.0 ,0.000969,,,,
531.8 ,0.000203,,,,
531.6 ,0.003861,,,,
531.4 ,0.006408,,,,
531.2 ,0.002706,,,,
531.0 ,0.002894,,,,
530.8 ,0.003611,,,,
530.6 ,0.000792,,,,
530.4 ,0.00172,,,,
530.2 ,0.002356,,,,
530.0 ,0.002806,,,,
529.8 ,0.001834,,,,
529.6 ,0.000793,,,,
529.4 ,0.003692,,,,
529.2 ,0.001272,,,,
529.0 ,0.001636,,,,
528.8 ,0.002201,,,,
528.6 ,0.002272,,,,
528.4 ,0.001365,,,,
528.2 ,0.000363,,,,
528.0 ,0.000113,,,,
527.8 ,0.003274,,,,
527.6 ,0.001252,,,,
527.4 ,0.000729,,,,
527.2 ,0.003168,,,,
527.0 ,0.00091,,,,
526.8 ,0.002832,,,,
526.6 ,0.004481,,,,
526.4 ,0.000389,,,,
526.2 ,0.004693,,,,
526.0 ,0.00183,,,,
525.8 ,0.001488,,,,
525.6 ,0.000297,,,,
525.4 ,0.002873,,,,
525.2 ,0.002317,,,,
525.0 ,0.002414,,,,
524.8 ,0.000805,,,,
524.6 ,0.002737,,,,
524.4 ,0.001194,,,,
524.2 ,0.000853,,,,
524.0 ,0.000483,,,,
523.8 ,0.003782,,,,
523.6 ,0.004061,,,,
523.4 ,0.002494,,,,
523.2 ,0.001759,,,,
523.0 ,0.001274,,,,
522.8 ,0.001019,,,,
522.6 ,0.000925,,,,
522.4 ,0.000718,,,,
522.2 ,0.00174,,,,
522.0 ,0.004758,,,,
521.8 ,0.001114,,,,
521.6 ,0.000652,,,,
521.4 ,0.001001,,,,
521.2 ,0.000745,,,,
521.0 ,0.001862,,,,
520.8 ,0.003615,,,,
520.6 ,0.002056,,,,
520.4 ,0.000397,,,,
520.2 ,0.001238,,,,
520.0 ,0.001311,,,,
519.8 ,0.000726,,,,
519.6 ,0.00281,,,,
519.4 ,0.000468,,,,
519.2 ,0.003782,,,,
519.0 ,0.000918,,,,
518.8 ,0.000824,,,,
518.6 ,0.001412,,,,
518.4 ,0.000587,,,,
518.2 ,0.00283,,,,
518.0 ,0.000094,,,,
517.8 ,0.001418,,,,
517.6 ,0.002905,,,,
517.4 ,0.001516,,,,
517.2 ,0.001541,,,,
517.0 ,0.002273,,,,
516.8 ,0.005301,,,,
516.6 ,0.005069,,,,
516.4 ,0.002783,,,,
516.2 ,0.006268,,,,
516.0 ,0.001718,,,,
515.8 ,0.000763,,,,
515.6 ,0.001502,,,,
515.4 ,0.001503,,,,
515.2 ,0.002941,,,,
515.0 ,0.003375,,,,
514.8 ,0.002657,,,,
514.6 ,0.002809,,,,
514.4 ,0.002809,,,,
514.2 ,0.000697,,,,
514.0 ,0.003289,,,,
513.8 ,0.005009,,,,
513.6 ,0.002026,,,,
513.4 ,0.0021,,,,
513.2 ,0.003263,,,,
513.0 ,0.002302,,,,
512.8 ,0.001357,,,,
512.6 ,0.00029,,,,
512.4 ,0.003884,,,,
512.2 ,0.001262,,,,
512.0 ,0.001385,,,,
511.8 ,0.001828,,,,
511.6 ,0.003526,,,,
511.4 ,0.000098,,,,
511.2 ,0.000683,,,,
511.0 ,0.001274,,,,
510.8 ,0.000686,,,,
510.6 ,0.001052,,,,
510.4 ,0.002969,,,,
510.2 ,0.001182,,,,
510.0 ,0.002857,,,,
509.8 ,0.003344,,,,
509.6 ,0.002067,,,,
509.4 ,0.000098,,,,
509.2 ,0.001483,,,,
509.0 ,0.005216,,,,
508.8 ,0.001262,,,,
508.6 ,0.000398,,,,
508.4 ,0.001496,,,,
508.2 ,0.001469,,,,
508.0 ,0.001893,,,,
507.8 ,0.000674,,,,
507.6 ,0.001098,,,,
507.4 ,0.001875,,,,
507.2 ,0.001828,,,,
507.0 ,0.002833,,,,
506.8 ,0.005227,,,,
506.6 ,0.00184,,,,
506.4 ,0.004665,,,,
506.2 ,0.002342,,,,
506.0 ,0.002727,,,,
505.8 ,0.001289,,,,
505.6 ,0.005679,,,,
505.4 ,0.005849,,,,
505.2 ,0.004365,,,,
505.0 ,0.000916,,,,
504.8 ,0.003161,,,,
504.6 ,0.000484,,,,
504.4 ,0.001427,,,,
504.2 ,0.000638,,,,
504.0 ,0.000742,,,,
503.8 ,0.002232,,,,
503.6 ,0.000694,,,,
503.4 ,0.000309,,,,
503.2 ,0.000412,,,,
503.0 ,0.003684,,,,
502.8 ,0.000335,,,,
502.6 ,0.001654,,,,
502.4 ,0.000284,,,,
502.2 ,0.002622,,,,
502.0 ,0.000285,,,,
501.8 ,0.000339,,,,
501.6 ,0.001354,,,,
501.4 ,0.002086,,,,
501.2 ,0.004814,,,,
501.0 ,0.000812,,,,
500.8 ,0.001153,,,,
500.6 ,0.000446,,,,
500.4 ,0.000657,,,,
500.2 ,0.001396,,,,
500.0 ,0.004334,,,,
499.8 ,0.000397,,,,
499.6 ,0.003701,,,,
499.4 ,0.001248,,,,
499.2 ,0.002756,,,,
499.0 ,0.003932,,,,
498.8 ,0.001306,,,,
498.6 ,0.003917,,,,
498.4 ,0.002374,,,,
498.2 ,0.000992,,,,
498.0 ,0.000214,,,,
497.8 ,0.004427,,,,
497.6 ,0.000538,,,,
497.4 ,0.002588,,,,
497.2 ,0.000947,,,,
497.0 ,0.005203,,,,
496.8 ,0.000462,,,,
496.6 ,0.001628,,,,
496.4 ,0.008197,,,,
496.2 ,0.008805,,,,
496.0 ,0.002515,,,,
495.8 ,0.009521,,,,
495.6 ,0.005087,,,,
495.4 ,0.007595,,,,
495.2 ,0.001461,,,,
495.0 ,0.000524,,,,
494.8 ,0.000248,,,,
494.6 ,0.000526,,,,
494.4 ,0.004079,,,,
494.2 ,0.001084,,,,
494.0 ,0.001338,,,,
493.8 ,0.001119,,,,
493.6 ,0.000672,,,,
493.4 ,0.001343,,,,
493.2 ,0.004278,,,,
493.0 ,0.002818,,,,
492.8 ,0.000989,,,,
492.6 ,0.002147,,,,
492.4 ,0.00332,,,,
492.2 ,0.002502,,,,
492.0 ,0.000824,,,,
491.8 ,0.000142,,,,
491.6 ,0.004034,,,,
491.4 ,0.000028,,,,
491.2 ,0.001982,,,,
491.0 ,0.001036,,,,
490.8 ,0.004706,,,,
490.6 ,0.001503,,,,
490.4 ,0.005535,,,,
490.2 ,0.000581,,,,
490.0 ,0.001953,,,,
489.8 ,0.00254,,,,
489.6 ,0.00211,,,,
489.4 ,0.001379,,,,
489.2 ,0.001263,,,,
489.0 ,0.004219,,,,
488.8 ,0.002483,,,,
488.6 ,0.002608,,,,
488.4 ,0.002136,,,,
488.2 ,0.005364,,,,
488.0 ,0.003492,,,,
487.8 ,0.003719,,,,
487.6 ,0.002636,,,,
487.4 ,0.002019,,,,
487.2 ,0.001357,,,,
487.0 ,0.000241,,,,
486.8 ,0.004763,,,,
486.6 ,0.0007,,,,
486.4 ,0.002674,,,,
486.2 ,0.001494,,,,
486.0 ,0.00181,,,,
485.8 ,0.003846,,,,
485.6 ,0.002799,,,,
485.4 ,0.006638,,,,
485.2 ,0.005831,,,,
485.0 ,0.006593,,,,
484.8 ,0.010949,,,,
484.6 ,0.008977,,,,
484.4 ,0.016263,,,,
484.2 ,0.008386,,,,
484.0 ,0.013112,,,,
483.8 ,0.0107,,,,
483.6 ,0.004662,,,,
483.4 ,0.007363,,,,
483.2 ,0.004584,,,,
483.0 ,0.00438,,,,
482.8 ,0.005036,,,,
482.6 ,0.003642,,,,
482.4 ,0.005289,,,,
482.2 ,0.000259,,,,
482.0 ,0.004262,,,,
481.8 ,0.003102,,,,
481.6 ,0.001405,,,,
481.4 ,0.00013,,,,
481.2 ,0.002991,,,,
481.0 ,0.003324,,,,
480.8 ,0.001325,,,,
480.6 ,0.000099,,,,
480.4 ,0.000567,,,,
480.2 ,0.000534,,,,
480.0 ,0.00241,,,,
479.8 ,0.006475,,,,
479.6 ,0.001184,,,,
479.4 ,0.002572,,,,
479.2 ,0.00276,,,,
479.0 ,0.000239,,,,
478.8 ,0.003289,,,,
478.6 ,0.003881,,,,
478.4 ,0.002304,,,,
478.2 ,0.000554,,,,
478.0 ,0.000694,,,,
477.8 ,0.00462,,,,
477.6 ,0.005151,,,,
477.4 ,0.002382,,,,
477.2 ,0.000421,,,,
477.0 ,0.000566,,,,
476.8 ,0.000568,,,,
476.6 ,0.001177,,,,
476.4 ,0.004136,,,,
476.2 ,0.0053,,,,
476.0 ,0.002164,,,,
475.8 ,0.002779,,,,
475.6 ,0.002065,,,,
475.4 ,0.006245,,,,
475.2 ,0.00501,,,,
475.0 ,0.002964,,,,
474.8 ,0.008993,,,,
474.6 ,0.007052,,,,
474.4 ,0.001629,,,,
474.2 ,0.000558,,,,
474.0 ,0.004157,,,,
473.8 ,0.003487,,,,
473.6 ,0.001765,,,,
473.4 ,0.004848,,,,
473.2 ,0.003788,,,,
473.0 ,0.000763,,,,
472.8 ,0.004737,,,,
472.6 ,0.004907,,,,
472.4 ,0.003239,,,,
472.2 ,0.004217,,,,
472.0 ,0.002368,,,,
471.8 ,0.006394,,,,
471.6 ,0.004381,,,,
471.4 ,0.003894,,,,
471.2 ,0.000906,,,,
471.0 ,0.001703,,,,
470.8 ,0.003374,,,,
470.6 ,0.004457,,,,
470.4 ,0.001719,,,,
470.2 ,0.000361,,,,
470.0 ,0.00145,,,,
469.8 ,0.001737,,,,
469.6 ,0.004263,,,,
469.4 ,0.000612,,,,
469.2 ,0.002574,,,,
469.0 ,0.001351,,,,
468.8 ,0.00309,,,,
468.6 ,0.003462,,,,
468.4 ,0.001448,,,,
468.2 ,0.000786,,,,
468.0 ,0.007832,,,,
467.8 ,0.002545,,,,
467.6 ,0.000838,,,,
467.4 ,0.000629,,,,
467.2 ,0.004376,,,,
467.0 ,0.000676,,,,
466.8 ,0.003893,,,,
466.6 ,0.003405,,,,
466.4 ,0.006978,,,,
466.2 ,0.001666,,,,
466.0 ,0.004452,,,,
465.8 ,0.000901,,,,
465.6 ,0.000863,,,,
465.4 ,0.001035,,,,
465.2 ,0.003246,,,,
465.0 ,0.000999,,,,
464.8 ,0.002784,,,,
464.6 ,0.001003,,,,
464.4 ,0.002623,,,,
464.2 ,0.000699,,,,
464.0 ,0.001405,,,,
463.8 ,0.001934,,,,
463.6 ,0.005636,,,,
463.4 ,0.001059,,,,
463.2 ,0.002483,,,,
463.0 ,0.000311,,,,
462.8 ,0.006342,,,,
462.6 ,0.000757,,,,
462.4 ,0.000936,,,,
462.2 ,0.003392,,,,
462.0 ,0.003756,,,,
461.8 ,0.007496,,,,
461.6 ,0.007478,,,,
461.4 ,0.002815,,,,
461.2 ,0.002016,,,,
461.0 ,0.000896,,,,
460.8 ,0.006413,,,,
460.6 ,0.000855,,,,
460.4 ,0.005528,,,,
460.2 ,0.000316,,,,
460.0 ,0.002566,,,,
459.8 ,0.002529,,,,
459.6 ,0.000355,,,,
459.4 ,0.001999,,,,
459.2 ,0.002838,,,,
459.0 ,0.003863,,,,
458.8 ,0.001424,,,,
458.6 ,0.005458,,,,
458.4 ,0.000888,,,,
458.2 ,0.001064,,,,
458.0 ,0.007098,,,,
457.8 ,0.00492,,,,
457.6 ,0.007286,,,,
457.4 ,0.004658,,,,
457.2 ,0.003192,,,,
457.0 ,0.004803,,,,
456.8 ,0.000222,,,,
456.6 ,0.001199,,,,
456.4 ,0.000177,,,,
456.2 ,0.000487,,,,
456.0 ,0.007083,,,,
455.8 ,0.003531,,,,
455.6 ,0.00322,,,,
455.4 ,0.004013,,,,
455.2 ,0.000309,,,,
455.0 ,0,,,,
454.8 ,0.00022,,,,
454.6 ,0.000702,,,,
454.4 ,0.000175,,,,
454.2 ,0.000873,,,,
454.0 ,0.003498,,,,
453.8 ,0.004392,,,,
453.6 ,0.003262,,,,
453.4 ,0.006034,,,,
453.2 ,0.001689,,,,
453.0 ,0.005493,,,,
452.8 ,0.000173,,,,
452.6 ,0.003815,,,,
452.4 ,0.001387,,,,
452.2 ,0.003435,,,,
452.0 ,0.002618,,,,
451.8 ,0.001049,,,,
451.6 ,0.005261,,,,
451.4 ,0.001059,,,,
451.2 ,0.002522,,,,
451.0 ,0.001467,,,,
450.8 ,0.001025,,,,
450.6 ,0.001028,,,,
450.4 ,0.00305,,,,
450.2 ,0.00216,,,,
450.0 ,0.00216,,,,
449.8 ,0.002894,,,,
449.6 ,0.006354,,,,
449.4 ,0.004192,,,,
449.2 ,0.000685,,,,
449.0 ,0.000183,,,,
448.8 ,0.000045,,,,
448.6 ,0.003134,,,,
448.4 ,0.006798,,,,
448.2 ,0.001898,,,,
448.0 ,0.006846,,,,
447.8 ,0.005789,,,,
447.6 ,0.003699,,,,
447.4 ,0.003898,,,,
447.2 ,0.006038,,,,
447.0 ,0.005822,,,,
446.8 ,0.000047,,,,
446.6 ,0.007031,,,,
446.4 ,0.000525,,,,
446.2 ,0.007078,,,,
446.0 ,0.001929,,,,
445.8 ,0.002513,,,,
445.6 ,0.00058,,,,
445.4 ,0.001505,,,,
445.2 ,0.001216,,,,
445.0 ,0.003561,,,,
444.8 ,0.002986,,,,
444.6 ,0.004083,,,,
444.4 ,0.003991,,,,
444.2 ,0.008959,,,,
444.0 ,0.000198,,,,
443.8 ,0.001394,,,,
443.6 ,0.004404,,,,
443.4 ,0.000752,,,,
443.2 ,0.009213,,,,
443.0 ,0.008493,,,,
442.8 ,0.000658,,,,
442.6 ,0.001984,,,,
442.4 ,0.0077,,,,
442.2 ,0.001789,,,,
442.0 ,0.008454,,,,
441.8 ,0.002065,,,,
441.6 ,0.003307,,,,
441.4 ,0.0015,,,,
441.2 ,0.002246,,,,
441.0 ,0.000417,,,,
440.8 ,0.006487,,,,
440.6 ,0.000684,,,,
440.4 ,0.00253,,,,
440.2 ,0.000844,,,,
440.0 ,0.006806,,,,
439.8 ,0.00016,,,,
439.6 ,0.002994,,,,
439.4 ,0.005356,,,,
439.2 ,0.002853,,,,
439.0 ,0.004963,,,,
438.8 ,0.001735,,,,
438.6 ,0.000272,,,,
438.4 ,0.004151,,,,
438.2 ,0.007612,,,,
438.0 ,0.003356,,,,
437.8 ,0.000443,,,,
437.6 ,0.000889,,,,
437.4 ,0.000891,,,,
437.2 ,0.002731,,,,
437.0 ,0.001573,,,,
436.8 ,0.003827,,,,
436.6 ,0.001298,,,,
436.4 ,0.000905,,,,
436.2 ,0.003355,,,,
436.0 ,0.000456,,,,
435.8 ,0.005045,,,,
435.6 ,0.002128,,,,
435.4 ,0.004691,,,,
435.2 ,0.007945,,,,
435.0 ,0.002974,,,,
434.8 ,0.003968,,,,
434.6 ,0.002112,,,,
434.4 ,0.005698,,,,
434.2 ,0.00497,,,,
434.0 ,0.001186,,,,
433.8 ,0.005537,,,,
433.6 ,0.004545,,,,
433.4 ,0.006898,,,,
433.2 ,0.008511,,,,
433.0 ,0.001391,,,,
432.8 ,0.000425,,,,
432.6 ,0.002263,,,,
432.4 ,0.004174,,,,
432.2 ,0.000061,,,,
432.0 ,0.001795,,,,
431.8 ,0.001737,,,,
431.6 ,0.005988,,,,
431.4 ,0.003759,,,,
431.2 ,0.001504,,,,
431.0 ,0.005033,,,,
430.8 ,0.002342,,,,
430.6 ,0.006102,,,,
430.4 ,0.00351,,,,
430.2 ,0.005321,,,,
430.0 ,0.000965,,,,
429.8 ,0.002583,,,,
429.6 ,0.008749,,,,
429.4 ,0.007115,,,,
429.2 ,0.008574,,,,
429.0 ,0.003482,,,,
428.8 ,0.001584,,,,
428.6 ,0.000265,,,,
428.4 ,0.001533,,,,
428.2 ,0.000535,,,,
428.0 ,0.011285,,,,
427.8 ,0.002966,,,,
427.6 ,0.006437,,,,
427.4 ,0.000817,,,,
427.2 ,0.001028,,,,
427.0 ,0.006126,,,,
426.8 ,0.009178,,,,
426.6 ,0.00139,,,,
426.4 ,0.005359,,,,
426.2 ,0.005385,,,,
426.0 ,0.003023,,,,
425.8 ,0.000211,,,,
425.6 ,0.001487,,,,
425.4 ,0.005415,,,,
425.2 ,0.007447,,,,
425.0 ,0.005462,,,,
424.8 ,0.004546,,,,
424.6 ,0.000363,,,,
424.4 ,0.006897,,,,
424.2 ,0.000805,,,,
424.0 ,0.002281,,,,
423.8 ,0.002065,,,,
423.6 ,0.006163,,,,
423.4 ,0.002086,,,,
423.2 ,0.009369,,,,
423.0 ,0.002188,,,,
422.8 ,0.003252,,,,
422.6 ,0.000912,,,,
422.4 ,0.008179,,,,
422.2 ,0.000231,,,,
422.0 ,0.001313,,,,
421.8 ,0.000387,,,,
421.6 ,0.006231,,,,
421.4 ,0.005949,,,,
421.2 ,0.00283,,,,
421.0 ,0.000947,,,,
420.8 ,0.003899,,,,
420.6 ,0.001999,,,,
420.4 ,0.005856,,,,
420.2 ,0.002016,,,,
420.0 ,0.000889,,,,
419.8 ,0.006186,,,,
419.6 ,0.008526,,,,
419.4 ,0.002388,,,,
419.2 ,0.003225,,,,
419.0 ,0.006996,,,,
418.8 ,0.004768,,,,
418.6 ,0.000674,,,,
418.4 ,0.000592,,,,
418.2 ,0.003658,,,,
418.0 ,0.004431,,,,
417.8 ,0.000946,,,,
417.6 ,0.003793,,,,
417.4 ,0.002434,,,,
417.2 ,0.001396,,,,
417.0 ,0.007019,,,,
416.8 ,0.000794,,,,
416.6 ,0.000621,,,,
416.4 ,0.000446,,,,
416.2 ,0.011472,,,,
416.0 ,0.010014,,,,
415.8 ,0.002994,,,,
415.6 ,0.008754,,,,
415.4 ,0.000457,,,,
415.2 ,0.01287,,,,
415.0 ,0.011774,,,,
414.8 ,0.005313,,,,
414.6 ,0.002617,,,,
414.4 ,0.007622,,,,
414.2 ,0.006444,,,,
414.0 ,0.005423,,,,
413.8 ,0.006892,,,,
413.6 ,0,,,,
413.4 ,0.004758,,,,
413.2 ,0.003902,,,,
413.0 ,0.005214,,,,
412.8 ,0.01073,,,,
412.6 ,0.004766,,,,
412.4 ,0.000399,,,,
412.2 ,0.003115,,,,
412.0 ,0.01011,,,,
411.8 ,0.002838,,,,
411.6 ,0.003675,,,,
411.4 ,0.010273,,,,
411.2 ,0.006308,,,,
411.0 ,0.005094,,,,
410.8 ,0.000418,,,,
410.6 ,0.002942,,,,
410.4 ,0.010675,,,,
410.2 ,0.000533,,,,
410.0 ,0.00611,,,,
409.8 ,0.001833,,,,
409.6 ,0.007703,,,,
409.4 ,0.014391,,,,
409.2 ,0.002637,,,,
409.0 ,0.010586,,,,
408.8 ,0.008111,,,,
408.6 ,0.012509,,,,
408.4 ,0.005399,,,,
408.2 ,0.007237,,,,
408.0 ,0.00943,,,,
407.8 ,0.007336,,,,
407.6 ,0.003681,,,,
407.4 ,0.00928,,,,
407.2 ,0.012296,,,,
407.0 ,0.011401,,,,
406.8 ,0.013683,,,,
406.6 ,0.015377,,,,
406.4 ,0.001439,,,,
406.2 ,0.007702,,,,
406.0 ,0.001336,,,,
405.8 ,0.013174,,,,
405.6 ,0.015611,,,,
405.4 ,0.013254,,,,
405.2 ,0.004982,,,,
405.0 ,0.000626,,,,
404.8 ,0.013137,,,,
404.6 ,0.008012,,,,
404.4 ,0.004085,,,,
404.2 ,0.01337,,,,
404.0 ,0.010223,,,,
403.8 ,0.004052,,,,
403.6 ,0.001574,,,,
403.4 ,0.007507,,,,
403.2 ,0.013249,,,,
403.0 ,0.00816,,,,
402.8 ,0.000539,,,,
402.6 ,0.003245,,,,
402.4 ,0.00396,,,,
402.2 ,0.001648,,,,
402.0 ,0.012586,,,,
401.8 ,0.008373,,,,
401.6 ,0.017225,,,,
401.4 ,0.001693,,,,
401.2 ,0.001281,,,,
401.0 ,0.001287,,,,
400.8 ,0,,,,
400.6 ,0.008127,,,,
400.4 ,0.002486,,,,
400.2 ,0.000738,,,,
400.0 ,0.022356,,,,
399.8 ,0.013246,,,,
399.6 ,0.006772,,,,
399.4 ,0.015124,,,,
399.2 ,0.016467,,,,
399.0 ,0.010555,,,,
398.8 ,0.00679,,,,
398.6 ,0.006836,,,,
398.4 ,0.009861,,,,
398.2 ,0.019552,,,,
398.0 ,0.000634,,,,
397.8 ,0.014119,,,,
397.6 ,0.007724,,,,
397.4 ,0.002593,,,,
397.2 ,0.012857,,,,
397.0 ,0.013144,,,,
396.8 ,0.021605,,,,
396.6 ,0.008464,,,,
396.4 ,0.013876,,,,
396.2 ,0.007917,,,,
396.0 ,0.01375,,,,
395.8 ,0.005653,,,,
395.6 ,0.017424,,,,
395.4 ,0.021382,,,,
395.2 ,0.021694,,,,
395.0 ,0.02055,,,,
394.8 ,0.003362,,,,
394.6 ,0.000535,,,,
394.4 ,0.014563,,,,
394.2 ,0.005058,,,,
394.0 ,0.008571,,,,
393.8 ,0.022608,,,,
393.6 ,0.003698,,,,
393.4 ,0.003717,,,,
393.2 ,0.001504,,,,
393.0 ,0.012296,,,,
392.8 ,0.027165,,,,
392.6 ,0.014584,,,,
392.4 ,0.009076,,,,
392.2 ,0.010885,,,,
392.0 ,0.017866,,,,
391.8 ,0.013379,,,,
391.6 ,0.001587,,,,
391.4 ,0.003193,,,,
391.2 ,0.005617,,,,
391.0 ,0.020965,,,,
390.8 ,0.005703,,,,
390.6 ,0.01456,,,,
390.4 ,0.001031,,,,
390.2 ,0.022501,,,,
390.0 ,0.002299,,,,
389.8 ,0.004,,,,
389.6 ,0.005098,,,,
389.4 ,0.021574,,,,
389.2 ,0.014807,,,,
389.0 ,0.02075,,,,
388.8 ,0.02148,,,,
388.6 ,0.001749,,,,
388.4 ,0.000881,,,,
388.2 ,0.01591,,,,
388.0 ,0.001115,,,,
387.8 ,0.013473,,,,
387.6 ,0.020721,,,,
387.4 ,0.000682,,,,
387.2 ,0.032024,,,,
387.0 ,0.001839,,,,
386.8 ,0.01482,,,,
386.6 ,0.009533,,,,
386.4 ,0.014249,,,,
386.2 ,0.000942,,,,
386.0 ,0.009488,,,,
385.8 ,0.013387,,,,
385.6 ,0.020141,,,,
385.4 ,0.009635,,,,
385.2 ,0.032076,,,,
385.0 ,0.035148,,,,
384.8 ,0.026591,,,,
384.6 ,0.006903,,,,
384.4 ,0.003966,,,,
384.2 ,0.020973,,,,
384.0 ,0.015084,,,,
383.8 ,0.027494,,,,
383.6 ,0.008899,,,,
383.4 ,0.040899,,,,
383.2 ,0.006919,,,,
383.0 ,0.018581,,,,
382.8 ,0.004409,,,,
382.6 ,0.01356,,,,
382.4 ,0.023346,,,,
382.2 ,0.00079,,,,
382.0 ,0.01411,,,,
381.8 ,0.033316,,,,
381.6 ,0,,,,
381.4 ,0.006475,,,,
381.2 ,0.00108,,,,
381.0 ,0.024768,,,,
380.8 ,0.022136,,,,
380.6 ,0.017568,,,,
380.4 ,0.023212,,,,
380.2 ,0.043366,,,,
380.0 ,0.005313,,,,
379.8 ,0.010114,,,,
379.6 ,0.023414,,,,
379.4 ,0.011381,,,,
379.2 ,0.035722,,,,
379.0 ,0.038033,,,,
378.8 ,0.019261,,,,
378.6 ,0.004922,,,,
378.4 ,0.038149,,,,
378.2 ,0.03614,,,,
378.0 ,0.010278,,,,
377.8 ,0.030725,,,,
377.6 ,0.028377,,,,
377.4 ,0.011623,,,,
377.2 ,0.002101,,,,
377.0 ,0.006308,,,,
376.8 ,0.000302,,,,
376.6 ,0.035221,,,,
376.4 ,0.002741,,,,
376.2 ,0.020823,,,,
376.0 ,0.014509,,,,
375.8 ,0.024863,,,,
375.6 ,0.009916,,,,
375.4 ,0.027812,,,,
375.2 ,0.027721,,,,
375.0 ,0.002518,,,,
374.8 ,0.001266,,,,
374.6 ,0.025554,,,,
374.4 ,0.003519,,,,
374.2 ,0.004179,,,,
374.0 ,0.039913,,,,
373.8 ,0.014567,,,,
373.6 ,0.007819,,,,
373.4 ,0.032667,,,,
373.2 ,0.011508,,,,
373.0 ,0.040833,,,,
372.8 ,0.00133,,,,
372.6 ,0.003996,,,,
372.4 ,0.010737,,,,
372.2 ,0.023884,,,,
372.0 ,0.003047,,,,
371.8 ,0.026872,,,,
371.6 ,0.049183,,,,
371.4 ,0.018901,,,,
371.2 ,0.015479,,,,
371.0 ,0.034889,,,,
370.8 ,0.008354,,,,
370.6 ,0.026268,,,,
370.4 ,0.002816,,,,
370.2 ,0.015582,,,,
370.0 ,0.037029,,,,
369.8 ,0.002895,,,,
369.6 ,0.000262,,,,
369.4 ,0.003714,,,,
369.2 ,0.005361,,,,
369.0 ,0.003759,,,,
368.8 ,0.003538,,,,
368.6 ,0.001023,,,,
368.4 ,0.001059,,,,
368.2 ,0.001423,,,,
368.0 ,0.003987,,,,
367.8 ,0.000471,,,,
367.6 ,0.00409,,,,
367.4 ,0.001546,,,,
367.2 ,0.003619,,,,
367.0 ,0.001429,,,,
366.8 ,0.00003,,,,
366.6 ,0.000119,,,,
366.4 ,0.002906,,,,
366.2 ,0.004139,,,,
366.0 ,0.003076,,,,
365.8 ,0.001492,,,,
365.6 ,0.000334,,,,
365.4 ,0,,,,
365.2 ,0.00136,,,,
365.0 ,0.004437,,,,
364.8 ,0.003335,,,,
364.6 ,0.000901,,,,
364.4 ,0.00177,,,,
364.2 ,0.0042,,,,
364.0 ,0.000627,,,,
363.8 ,0.000625,,,,
363.6 ,0.002662,,,,
363.4 ,0.000286,,,,
363.2 ,0.002952,,,,
363.0 ,0.001907,,,,
362.8 ,0.003726,,,,
362.6 ,0.000382,,,,
362.4 ,0.0027,,,,
362.2 ,0.004696,,,,
362.0 ,0.001695,,,,
361.8 ,0.002351,,,,
361.6 ,0.004849,,,,
361.4 ,0.000886,,,,
361.2 ,0.000498,,,,
361.0 ,0.000556,,,,
360.8 ,0.00462,,,,
360.6 ,0.001757,,,,
360.4 ,0.00399,,,,
360.2 ,0.000134,,,,
360.0 ,0.005987,,,,
359.8 ,0.000268,,,,
359.6 ,0.00362,,,,
359.4 ,0.004371,,,,
359.2 ,0.000102,,,,
359.0 ,0.004904,,,,
358.8 ,0.001909,,,,
358.6 ,0.002062,,,,
358.4 ,0.000385,,,,
358.2 ,0.004309,,,,
358.0 ,0.001114,,,,
357.8 ,0.003857,,,,
357.6 ,0.001706,,,,
357.4 ,0.000426,,,,
357.2 ,0.001821,,,,
357.0 ,0.002693,,,,
356.8 ,0.002591,,,,
356.6 ,0.001202,,,,
356.4 ,0.004073,,,,
356.2 ,0.005076,,,,
356.0 ,0.000183,,,,
355.8 ,0.001333,,,,
355.6 ,0.004977,,,,
355.4 ,0.001941,,,,
355.2 ,0.005282,,,,
355.0 ,0.006476,,,,
354.8 ,0.000611,,,,
354.6 ,0.000154,,,,
354.4 ,0.000959,,,,
354.2 ,0.000968,,,,
354.0 ,0.002545,,,,
353.8 ,0.000593,,,,
353.6 ,0.000484,,,,
353.4 ,0.00148,,,,
353.2 ,0.003522,,,,
353.0 ,0.002754,,,,
352.8 ,0.001329,,,,
352.6 ,0.001754,,,,
352.4 ,0.002632,,,,
352.2 ,0.00569,,,,
352.0 ,0.001407,,,,
351.8 ,0.006032,,,,
351.6 ,0.000186,,,,
351.4 ,0.001913,,,,
351.2 ,0.002049,,,,
351.0 ,0.000192,,,,
350.8 ,0.00877,,,,
350.6 ,0.002302,,,,
350.4 ,0.005228,,,,
350.2 ,0.001198,,,,
350.0 ,0.003471,,,,
349.8 ,0.003799,,,,
349.6 ,0.000343,,,,
349.4 ,0.002468,,,,
349.2 ,0.005859,,,,
349.0 ,0.003707,,,,
348.8 ,0.002931,,,,
348.6 ,0.002443,,,,
348.4 ,0.001383,,,,
348.2 ,0.00057,,,,
348.0 ,0.002793,,,,
347.8 ,0.003319,,,,
347.6 ,0.001276,,,,
347.4 ,0.005175,,,,
347.2 ,0.001973,,,,
347.0 ,0.000359,,,,
346.8 ,0.003064,,,,
346.6 ,0.000134,,,,
346.4 ,0.000535,,,,
346.2 ,0.00076,,,,
346.0 ,0.004619,,,,
345.8 ,0.00488,,,,
345.6 ,0.002894,,,,
345.4 ,0.003766,,,,
345.2 ,0.008844,,,,
345.0 ,0.000541,,,,
344.8 ,0.005566,,,,
344.6 ,0.003406,,,,
344.4 ,0.004327,,,,
344.2 ,0.002532,,,,
344.0 ,0.002183,,,,
343.8 ,0.002733,,,,
343.6 ,0.007007,,,,
343.4 ,0.004378,,,,
343.2 ,0.004742,,,,
343.0 ,0.001972,,,,
342.8 ,0.001296,,,,
342.6 ,0.003538,,,,
342.4 ,0.002712,,,,
342.2 ,0.000507,,,,
342.0 ,0.000046,,,,
341.8 ,0.002984,,,,
341.6 ,0.000608,,,,
341.4 ,0.003049,,,,
341.2 ,0.007754,,,,
341.0 ,0.001662,,,,
340.8 ,0.004912,,,,
340.6 ,0.004326,,,,
340.4 ,0.007001,,,,
340.2 ,0.004103,,,,
340.0 ,0.008514,,,,
339.8 ,0.004561,,,,
339.6 ,0.00759,,,,
339.4 ,0.001898,,,,
339.2 ,0.00171,,,,
339.0 ,0.003505,,,,
338.8 ,0.003608,,,,
338.6 ,0.003886,,,,
338.4 ,0.00192,,,,
338.2 ,0.000241,,,,
338.0 ,0.005409,,,,
337.8 ,0.006225,,,,
337.6 ,0.003674,,,,
337.4 ,0.00058,,,,
337.2 ,0.002134,,,,
337.0 ,0.000196,,,,
336.8 ,0.007444,,,,
336.6 ,0.000729,,,,
336.4 ,0.001229,,,,
336.2 ,0.006223,,,,
336.0 ,0.003103,,,,
335.8 ,0,,,,
335.6 ,0.007547,,,,
335.4 ,0.000149,,,,
335.2 ,0.008188,,,,
335.0 ,0.005207,,,,
334.8 ,0.003367,,,,
334.6 ,0.001951,,,,
334.4 ,0.003565,,,,
334.2 ,0.004365,,,,
334.0 ,0.000604,,,,
333.8 ,0.00258,,,,
333.6 ,0.003402,,,,
333.4 ,0.000811,,,,
333.2 ,0.000453,,,,
333.0 ,0.007915,,,,
332.8 ,0.003013,,,,
332.6 ,0.000155,,,,
332.4 ,0.003286,,,,
332.2 ,0.004531,,,,
332.0 ,0.003294,,,,
331.8 ,0.001651,,,,
331.6 ,0.002076,,,,
331.4 ,0.006165,,,,
331.2 ,0.002263,,,,
331.0 ,0.001733,,,,
330.8 ,0.002526,,,,
330.6 ,0.000627,,,,
330.4 ,0.005249,,,,
330.2 ,0.005189,,,,
330.0 ,0.002981,,,,
329.8 ,0.001964,,,,
329.6 ,0.000638,,,,
329.4 ,0.003407,,,,
329.2 ,0.002727,,,,
329.0 ,0.000267,,,,
328.8 ,0.005436,,,,
328.6 ,0.001459,,,,
328.4 ,0.004765,,,,
328.2 ,0.000645,,,,
328.0 ,0.002619,,,,
327.8 ,0.002452,,,,
327.6 ,0.003649,,,,
327.4 ,0.002364,,,,
327.2 ,0.006049,,,,
327.0 ,0.001754,,,,
326.8 ,0.000657,,,,
326.6 ,0.005251,,,,
326.4 ,0.004862,,,,
326.2 ,0.001326,,,,
326.0 ,0.008099,,,,
325.8 ,0.005543,,,,
325.6 ,0.002671,,,,
325.4 ,0.000168,,,,
325.2 ,0.000223,,,,
325.0 ,0.000223,,,,
324.8 ,0.005395,,,,
324.6 ,0.001305,,,,
324.4 ,0.006475,,,,
324.2 ,0.001128,,,,
324.0 ,0.002713,,,,
323.8 ,0.002049,,,,
323.6 ,0.004621,,,,
323.4 ,0.001326,,,,
323.2 ,0.001424,,,,
323.0 ,0.00413,,,,
322.8 ,0.002759,,,,
322.6 ,0.000934,,,,
322.4 ,0.006732,,,,
322.2 ,0.002293,,,,
322.0 ,0.003789,,,,
321.8 ,0.000415,,,,
321.6 ,0.001245,,,,
321.4 ,0.004984,,,,
321.2 ,0.010854,,,,
321.0 ,0.002217,,,,
320.8 ,0.00475,,,,
320.6 ,0.0067,,,,
320.4 ,0.007734,,,,
320.2 ,0.006097,,,,
320.0 ,0.008803,,,,
319.8 ,0.002939,,,,
319.6 ,0.002135,,,,
319.4 ,0.004476,,,,
319.2 ,0.00049,,,,
319.0 ,0.009037,,,,
318.8 ,0.002822,,,,
318.6 ,0.000749,,,,
318.4 ,0.001689,,,,
318.2 ,0.007598,,,,
318.0 ,0.004978,,,,
317.8 ,0.001759,,,,
317.6 ,0.007889,,,,
317.4 ,0.006367,,,,
317.2 ,0.004837,,,,
317.0 ,0.005352,,,,
316.8 ,0.001986,,,,
316.6 ,0.000451,,,,
316.4 ,0.006807,,,,
316.2 ,0.000323,,,,
316.0 ,0.003645,,,,
315.8 ,0.005194,,,,
315.6 ,0.007626,,,,
315.4 ,0.002446,,,,
315.2 ,0.000466,,,,
315.0 ,0.001128,,,,
314.8 ,0.000268,,,,
314.6 ,0.008884,,,,
314.4 ,0.004274,,,,
314.2 ,0.006698,,,,
314.0 ,0.004604,,,,
313.8 ,0.001283,,,,
313.6 ,0.003833,,,,
313.4 ,0.00776,,,,
313.2 ,0.004332,,,,
313.0 ,0.000343,,,,
312.8 ,0.000833,,,,
312.6 ,0.001873,,,,
312.4 ,0.010552,,,,
312.2 ,0.001605,,,,
312.0 ,0.010739,,,,
311.8 ,0.003383,,,,
311.6 ,0.00426,,,,
311.4 ,0.006564,,,,
311.2 ,0.004585,,,,
311.0 ,0.00549,,,,
310.8 ,0.008049,,,,
310.6 ,0.000583,,,,
310.4 ,0.005205,,,,
310.2 ,0.007077,,,,
310.0 ,0.00419,,,,
309.8 ,0.011041,,,,
309.6 ,0.006201,,,,
309.4 ,0.008279,,,,
309.2 ,0.006309,,,,
309.0 ,0.005399,,,,
308.8 ,0.005383,,,,
308.6 ,0.002354,,,,
308.4 ,0.003453,,,,
308.2 ,0.003459,,,,
308.0 ,0.001859,,,,
307.8 ,0.013657,,,,
307.6 ,0.001546,,,,
307.4 ,0.00842,,,,
307.2 ,0.017531,,,,
307.0 ,0.004216,,,,
306.8 ,0.005426,,,,
306.6 ,0.006621,,,,
306.4 ,0.000079,,,,
306.2 ,0.005796,,,,
306.0 ,0.005178,,,,
305.8 ,0.008396,,,,
305.6 ,0.0026,,,,
305.4 ,0.006012,,,,
305.2 ,0.004019,,,,
305.0 ,0.000334,,,,
304.8 ,0.003327,,,,
304.6 ,0.001997,,,,
304.4 ,0.002682,,,,
304.2 ,0.000926,,,,
304.0 ,0.007117,,,,
303.8 ,0.007725,,,,
303.6 ,0.010498,,,,
303.4 ,0.00145,,,,
303.2 ,0.007608,,,,
303.0 ,0.005467,,,,
302.8 ,0.00515,,,,
302.6 ,0.002435,,,,
302.4 ,0.007279,,,,
302.2 ,0.001667,,,,
302.0 ,0.007455,,,,
301.8 ,0.000357,,,,
301.6 ,0.006417,,,,
301.4 ,0.001726,,,,
301.2 ,0.00365,,,,
301.0 ,0.008344,,,,
300.8 ,0.004979,,,,
300.6 ,0.001571,,,,
300.4 ,0.010594,,,,
300.2 ,0.012934,,,,
300.0 ,0.009895,,,,