#,T% in a parallel beam at AOI 5 deg,,,,
# Wavelength[nm],Location 1,Location 2,Location 3,Location 4,Location 5
920.0 ,0.069875,0.050302,0.037098,0.017479,1.13E-02
919.8 ,0.013385,0.075102,0.023663,0.037058,5.25E-02
919.6 ,0.004141,0.041554,0.016594,0.033223,6.21E-02
919.4 ,0.040694,0.007313,0.059312,0.020859,1.77E-02
919.2 ,0.04607,0.013613,0.055374,0.01672,0.00E+00
919.0 ,0.124933,0.008415,0.007356,0.129392,4.09E-02
918.8 ,0.029603,0.012698,0.096076,0.001058,1.58E-02
918.6 ,0.063642,0.008503,0.030771,0.007428,3.93E-02
918.4 ,0.004267,0.084409,0.101094,0.03411,7.25E-02
918.2 ,0.007529,0.052728,0.035389,0.055935,0.00E+00
918.0 ,0.033435,0.037682,0.029023,0.043122,9.71E-03
917.8 ,0.029308,0.034722,0.06621,0.043385,7.05E-02
917.6 ,0.043408,0.039091,0.007597,0.111843,0.043532
917.4 ,0.071108,0.017465,0.039325,0.094872,1.64E-02
917.2 ,0.007668,0.052434,0.061175,0.038302,0.018556
917.0 ,0.09706,0.017662,0.008808,0.027581,2.76E-02
916.8 ,0.053086,0.017705,0.032017,0.032105,0.034266
916.6 ,0.040024,0.054562,0.085534,0.01891,6.23E-02
916.4 ,0.008921,0.058142,0.068029,0.062455,8.36E-02
916.2 ,0.095403,0.121496,0.023578,0.018004,0.00E+00
916.0 ,0.021398,0.043904,0.028194,0.048541,8.24E-02
915.8 ,0.010233,0.01702,0,0.108877,1.92E-02
915.6 ,0.039787,0.036376,0.062529,0.004541,0.032874
915.4 ,0.082131,0.062763,0.118896,0.059486,4.57E-02
915.2 ,0.019486,0.021771,0.053834,0.105407,5.03E-02
915.0 ,0.028691,0.021808,0.036659,0.004595,6.44E-02
914.8 ,0.050847,0.009259,0.055557,0,4.26E-02
914.6 ,0.079025,0.042998,0.06138,0.055636,4.18E-02
914.4 ,0.003507,0.074636,0.01984,0.042086,3.73E-02
914.2 ,0.027025,0.031718,0.012908,0.040989,1.76E-02
914.0 ,0.051706,0.00471,0.037605,0.048198,9.40E-03
913.8 ,0.001181,0.069835,0.074298,0.036571,0.061316
913.6 ,0.005919,0.102896,0.094723,0.003562,4.63E-02
913.4 ,0.014316,0.023804,0.023847,0.022618,4.15E-02
913.2 ,0.048947,0.034647,0.015506,0.046677,9.10E-02
913.0 ,0.004798,0.057477,0.029963,0.039608,8.98E-02
912.8 ,0.025277,0.028843,0.033591,0.052863,1.92E-02
912.6 ,0.054397,0.088233,0.006042,0.01814,1.03E-01
912.4 ,0.064346,0.077739,0.040059,0.043688,3.89E-02
912.2 ,0.019558,0,0.003659,0.0476,3.66E-03
912.0 ,0.111366,0.079592,0.069863,0.033095,0.052792
911.8 ,0.073818,0.01476,0.047912,0.070037,0.054178
911.6 ,0.040718,0,0.08373,0.04801,4.92E-03
911.4 ,0.003715,0.058388,0.097657,0.053221,3.97E-02
911.2 ,0.02854,0.10932,0.099084,0.019858,0.039706
911.0 ,0.013708,0.009971,0.054818,0.024908,3.49E-02
910.8 ,0.02883,0.100119,0.060086,0.028868,0.015028
910.6 ,0.020117,0.015106,0.015067,0.0063,3.64E-02
910.4 ,0.023976,0.064162,0.03027,0.025171,0.074463
910.2 ,0.030289,0.031604,0.095763,0.041786,0.00E+00
910.0 ,0.024064,0.013925,0.015188,0.036805,2.03E-02
909.8 ,0.072506,0.010189,0.055925,0.047048,1.02E-02
909.6 ,0.021773,0.040879,0.086924,0.056125,2.94E-02
909.4 ,0.051323,0.035913,0.041011,0.050137,7.19E-02
909.2 ,0.032255,0.006443,0.06295,0.006443,1.03E-02
909.0 ,0.091978,0.014218,0.014252,0.098472,5.68E-02
908.8 ,0.024604,0.084356,0.035026,0.093304,1.56E-02
908.6 ,0.041597,0.022072,0.010386,0.015587,4.28E-02
908.4 ,0.031342,0.111052,0.071725,0.005217,3.14E-02
908.2 ,0.036579,0.01437,0.067819,0.011777,6.54E-03
908.0 ,0.017037,0.085109,0.068137,0,1.31E-03
907.8 ,0.021041,0.052623,0.005251,0.005267,4.86E-02
907.6 ,0.057999,0.022425,0.05801,0.109722,4.63E-02
907.4 ,0.067373,0.026452,0.021222,0.064808,1.48E-01
907.2 ,0.064979,0.010644,0.014602,0.037234,1.01E-01
907.0 ,0.021293,0.014629,0.05168,0.026614,3.19E-02
906.8 ,0.038732,0.009311,0.025332,0.046692,0.031954
906.6 ,0.021383,0.064136,0.015997,0.020036,5.89E-02
906.4 ,0.075966,0.033376,0.033346,0.037335,0.006656
906.2 ,0.129307,0.116174,0.019975,0.118515,9.34E-03
906.0 ,0.130018,0.030834,0.032113,0.010711,2.68E-02
905.8 ,0.092315,0.026717,0.074963,0.089569,1.34E-03
905.6 ,0.08018,0.026746,0.038657,0.069471,9.10E-02
905.4 ,0.101791,0.128947,0.021412,0.111363,1.06E-01
905.2 ,0.075212,0.091329,0.037537,0.042977,1.24E-01
905.0 ,0.006706,0.053746,0.060376,0.048461,9.54E-02
904.8 ,0.119943,0.091592,0.043073,0.032393,4.04E-03
904.6 ,0.043338,0.031145,0,0.135391,1.01E-01
904.4 ,0.048808,0.004071,0.050169,0.086878,2.59E-02
904.2 ,0.097925,0.141057,0.054269,0,1.63E-01
904.0 ,0.03265,0.009533,0.04916,0.016361,3.96E-02
903.8 ,0.12068,0.045286,0.010952,0.0178,1.51E-02
903.6 ,0.027446,0.064673,0.038493,0.108389,0.016505
903.4 ,0.009673,0.020683,0.098042,0.037287,2.76E-02
903.2 ,0.062304,0.077429,0.022086,0.016586,3.32E-02
903.0 ,0.090306,0.027797,0.122148,0.033303,1.92E-01
902.8 ,0.054291,0.038907,0.005565,0.066758,2.93E-02
902.6 ,0.118547,0.055773,0.023722,0.078025,2.65E-02
902.4 ,0.044836,0.13063,0.018226,0.02811,1.12E-02
902.2 ,0,0.110555,0.04621,0.095326,9.68E-02
902.0 ,0.129663,0.007045,0.040862,0.085763,0.050618
901.8 ,0.004241,0.077762,0.039531,0.028244,1.06E-01
901.6 ,0.03545,0.084764,0.02679,0.050998,5.09E-02
901.4 ,0.039796,0.012785,0.026985,0.068182,1.69E-01
901.2 ,0.022732,0.017096,0.022718,0.096759,1.85E-02
901.0 ,0.028466,0.089915,0.051327,0.035693,1.13E-01
900.8 ,0.017195,0.091707,0.005734,0.011472,3.30E-02
900.6 ,0.102116,0.057544,0.063293,0.051858,5.32E-02
900.4 ,0.034671,0.017364,0.057726,0.011568,9.81E-02
900.2 ,0.027588,0.088478,0.146171,0.017414,3.92E-02
900.0 ,0.076989,0.024732,0.08277,0.062361,3.63E-02
899.8 ,0.01749,0.01312,0.005824,0.097833,1.75E-02
899.6 ,0.027872,0.105554,0.074891,0.007338,0.054341
899.4 ,0,7.81E-02,0.017668,0,3.09E-02
899.2 ,9.57E-02,5.31E-02,1.59E-01,0.005904,0.023617
899.0 ,0.005914,1.36E-01,0.157742,0.112278,2.80E-02
898.8 ,5.92E-02,0.004449,0.051751,0.099265,6.97E-02
898.6 ,0.090475,0.00E+00,0.00E+00,0.168081,8.91E-02
898.4 ,0.041687,1.67E-01,0.017846,0.037202,4.31E-02
898.2 ,0.019456,6.74E-02,0.088252,0.02394,1.50E-03
898.0 ,0.053834,1.80E-02,7.18E-02,0.012004,1.09E-01
897.8 ,0.07226,2.55E-02,0.016506,0.024072,1.51E-03
897.6 ,0.048102,0.066185,0.040594,0.079673,7.22E-02
897.4 ,0.08333,0.080304,0.07735,0.072857,2.27E-02
897.2 ,0.018273,0.053289,0.054774,0.06084,1.11E-01
897.0 ,0.093132,0.140363,0.010673,0.02597,5.50E-02
896.8 ,0.085806,0.067308,0.09633,0.071868,7.65E-03
896.6 ,0.029108,0,0.012222,0.159473,0.17725
896.4 ,0.166229,0.013841,0.153548,0.061477,2.92E-02
896.2 ,0.092429,0.074036,0.061645,0.109488,1.17E-01
896.0 ,0.050912,0.055692,0.035574,0.026231,1.55E-03
895.8 ,0.043362,0.049715,0.060429,0.007763,1.01E-01
895.6 ,0.018653,0.018673,0.023317,0.049822,7.78E-03
895.4 ,0.045432,0.081187,0.100212,0.006253,1.56E-03
895.2 ,0.004704,0.06274,0.026618,0.039202,8.15E-02
895.0 ,0.144482,0.124458,0.018884,0.133593,1.26E-02
894.8 ,0.050573,0.056897,0.012664,0.113808,1.58E-03
894.6 ,0.045929,0.026873,0.082192,0.134191,9.48E-02
894.4 ,0.076284,0.042865,0.1032,0,1.43E-02
894.2 ,0,0.019113,0.071692,0.093989,0.025539
894.0 ,0.051159,0.020815,0.116978,0.03682,3.84E-02
893.8 ,0.075382,0.025605,0.166699,0.065529,1.28E-01
893.6 ,0.014455,0.128707,0.064365,0.075568,0.058023
893.4 ,0.006442,0.136717,0.114411,0.012884,0.135668
893.2 ,0.017803,0.037213,0.098607,0.058282,1.78E-02
893.0 ,0.038985,0.006504,0.011362,0.060156,4.38E-02
892.8 ,0.019545,0.026016,0.030942,0.084783,2.77E-02
892.6 ,0.086609,0.150667,0.030999,0.03271,0.053935
892.4 ,0.067288,0.006577,0.044411,0.08054,1.57E-01
892.2 ,0.093885,0.065866,0.046098,0.092058,3.95E-02
892.0 ,0.033058,0.104396,0.014876,0.061189,3.81E-02
891.8 ,0.058117,0.07461,0.06139,0.053082,3.49E-02
891.6 ,0.021625,0.106465,0.079777,0.018327,1.66E-01
891.4 ,0.006675,0.140024,0.051694,0.08688,0.065114
891.2 ,0.067163,0.208514,0.013405,0.047001,1.68E-03
891.0 ,0.140863,0.100616,0.080408,0.114158,1.63E-01
890.8 ,0.001686,0.116435,0.074328,0.026973,1.95E-01
890.6 ,0.114981,0.047372,0.027058,0.03554,9.99E-02
890.4 ,0.062937,0.081585,0.042473,0.042495,1.14E-01
890.2 ,0.040939,0.027271,0.108976,0.116,8.87E-02
890.0 ,0.076817,0.109175,0.230673,0.047899,1.66E-01
889.8 ,0.178123,0.08233,0.001715,0.089247,2.74E-02
889.6 ,0.001721,0.061978,0.046409,0.022421,1.45E-01
889.4 ,0.03463,0.062323,0.062108,0.105611,2.42E-01
889.2 ,0.122946,0.020796,0.069141,0.076173,1.74E-01
889.0 ,0.111227,0.040073,0.151416,0.006967,2.72E-01
888.8 ,0.188457,0.118644,0.019219,0.096099,0.211951
888.6 ,0.223504,0.041923,0.125753,0.034978,4.68E-01
888.4 ,0.10579,0.19686,0.014059,0.132133,0.407774
888.2 ,0,0.146595,0.217363,0.111267,3.48E-01
888.0 ,0.079555,0.190867,0.214242,0.112945,0.403271
887.8 ,0.177403,0.210805,0.163179,0.232185,0.448656
887.6 ,0.336535,0.157029,0.126393,0.171173,7.07E-01
887.4 ,0.201969,0.359651,0.221721,0.130785,8.64E-01
887.2 ,0.236382,0.236804,0.389122,0.331661,8.18E-01
887.0 ,0.266534,0.246979,0.316004,0.243267,1.07274
886.8 ,0.541966,0.297754,0.476151,0.405867,1.10396
886.6 ,0.473413,0.45097,0.534389,0.376451,1.49E+00
886.4 ,0.616717,0.458997,0.602297,0.400318,1.71E+00
886.2 ,0.737151,0.737211,0.656588,0.499532,2.09678
886.0 ,0.701975,0.921865,0.844172,0.555854,2.62E+00
885.8 ,1.10891,0.97453,0.83896,0.853974,3.35339
885.6 ,1.04527,1.07177,1.05518,0.981036,3.85E+00
885.4 ,1.31109,1.01449,1.22536,1.01701,4.99E+00
885.2 ,1.45695,1.46322,1.56765,1.39631,6.14E+00
885.0 ,1.91271,1.87175,1.8514,1.72517,7.42E+00
884.8 ,2.28552,2.01088,2.28797,2.1951,9.31E+00
884.6 ,2.83997,2.53768,2.81619,2.51522,1.19E+01
884.4 ,3.49841,3.25509,3.31116,3.11643,14.6994
884.2 ,4.23367,4.11977,4.09679,4.05059,1.80E+01
884.0 ,5.21561,5.10482,5.17867,4.7564,22.4427
883.8 ,6.56281,6.14257,6.18931,5.93326,27.5375
883.6 ,8.12639,7.52692,7.81683,7.53392,3.34E+01
883.4 ,10.09,9.49091,9.4886,9.08103,40.0343
883.2 ,12.4155,11.9508,12.036,11.3937,4.79E+01
883.0 ,15.5211,14.4661,14.5759,13.9769,55.4466
882.8 ,19.1985,18.1414,18.552,17.3878,6.32E+01
882.6 ,23.7062,22.5797,22.9071,21.563,7.10E+01
882.4 ,28.804,27.3983,27.7486,26.263,7.79E+01
882.2 ,34.9352,33.3327,33.4605,31.9226,83.5521
882.0 ,41.4633,40.0394,40.0575,38.1387,8.86E+01
881.8 ,48.9215,47.2024,47.2358,45.0237,9.27E+01
881.6 ,56.5449,54.5019,54.7202,52.5829,9.51E+01
881.4 ,63.5948,62.0397,62.1103,59.8337,9.68E+01
881.2 ,70.8577,69.4303,69.2198,67.1891,9.84E+01
881.0 ,77.6206,76.3987,75.8944,74.1292,9.91E+01
880.8 ,83.1808,82.1255,81.7085,80.2918,9.93E+01
880.6 ,88.1015,86.9604,86.6878,85.6473,9.94E+01
880.4 ,91.4296,91.016,90.4119,89.4764,9.89E+01
880.2 ,94.4326,93.9779,93.4578,92.5872,9.93E+01
880.0 ,96.3114,96.0919,96.1627,95.5398,9.94E+01
879.8 ,97.4842,97.4916,97.1097,96.6063,9.92E+01
879.6 ,98.4451,98.5903,98.2346,97.9759,9.90E+01
879.4 ,98.9848,98.8995,98.7989,98.5561,9.91E+01
879.2 ,99.1878,99.2842,99.1903,99.0147,9.90E+01
879.0 ,99.4887,99.4394,99.4609,99.183,99.1952
878.8 ,99.582,99.2118,99.299,99.2742,99.0126
878.6 ,99.775,99.6645,99.4594,99.7166,9.95E+01
878.4 ,99.4794,99.3046,99.3739,99.3664,9.92E+01
878.2 ,99.4149,99.3273,99.2946,99.2395,9.96E+01
878.0 ,99.5143,99.347,99.079,99.3958,9.93E+01
877.8 ,99.4895,99.1355,99.3582,99.5696,9.94E+01
877.6 ,99.4686,99.2351,99.1229,99.5652,9.94E+01
877.4 ,99.345,99.1117,99.2031,99.0613,9.94E+01
877.2 ,99.5043,99.3142,99.5828,99.6068,99.5652
877.0 ,99.4564,99.358,99.4105,99.5327,9.97E+01
876.8 ,99.6253,99.5038,99.7769,99.6458,9.94E+01
876.6 ,99.1224,99.3242,99.1974,99.1807,9.91E+01
876.4 ,99.2963,99.2716,99.134,99.0264,99.1859
876.2 ,99.3394,99.2024,99.4238,99.5893,99.5328
876.0 ,99.1467,99.1935,99.3562,99.2615,99.2169
875.8 ,99.3033,99.3861,99.3041,99.4894,9.93E+01
875.6 ,99.254,99.0391,99.1787,99.0771,9.89E+01
875.4 ,98.9253,99.2395,99.1264,99.0198,9.93E+01
875.2 ,98.7437,99.2127,98.8078,99.194,9.91E+01
875.0 ,98.8985,99.1573,98.9203,98.8101,99.3743
874.8 ,98.9521,99.1957,99.0568,99.0733,9.90E+01
874.6 ,99.081,99.0954,98.9345,99.2253,99.3031
874.4 ,98.6753,98.7959,98.8799,98.9558,99.0347
874.2 ,98.9335,98.8785,98.7906,98.6258,9.94E+01
874.0 ,98.7579,98.9394,98.8038,98.9602,99.129
873.8 ,98.991,99.0479,98.9555,98.8864,9.97E+01
873.6 ,99.2034,99.2885,99.2023,99.0001,9.97E+01
873.4 ,98.9007,99.3014,99.1543,99.0571,9.94E+01
873.2 ,98.8442,98.9764,98.8649,99.1975,9.93E+01
873.0 ,99.0366,98.8617,99.0869,99.2763,9.96E+01
872.8 ,99.468,99.7175,99.7474,99.435,9.98E+01
872.6 ,99.3132,99.5456,99.2522,99.4534,9.97E+01
872.4 ,99.597,99.2602,99.5724,99.2066,9.95E+01
872.2 ,99.2106,99.4637,99.4071,99.2971,9.97E+01
872.0 ,99.4049,99.4999,99.6829,99.481,9.96E+01
871.8 ,99.1937,99.4414,99.2773,99.4806,9.95E+01
871.6 ,99.3264,99.5297,99.2433,99.495,9.93E+01
871.4 ,99.4711,99.5768,99.7445,99.6355,9.95E+01
871.2 ,99.4595,99.2229,99.4871,99.1918,9.92E+01
871.0 ,99.4258,99.3959,99.2655,99.5427,99.4757
870.8 ,99.5206,99.5939,99.7378,99.5727,9.97E+01
870.6 ,99.5543,99.4121,99.1442,99.4189,99.0498
870.4 ,99.1146,99.572,99.2267,99.3429,9.95E+01
870.2 ,99.4946,99.3114,99.0182,99.3255,9.95E+01
870.0 ,99.5615,99.3296,99.4639,99.4584,99.413
869.8 ,99.7294,99.5284,99.4604,99.8087,9.96E+01
869.6 ,99.19,99.5709,99.2012,99.3721,99.3265
869.4 ,98.9533,99.2725,99.2413,99.5385,9.95E+01
869.2 ,99.3375,99.422,99.279,99.3319,9.93E+01
869.0 ,99.1177,99.2355,99.1067,99.3425,9.95E+01
868.8 ,98.875,99.3924,98.6851,98.9156,9.92E+01
868.6 ,98.9955,99.2311,99.0598,99.0588,9.92E+01
868.4 ,98.9799,99.5694,99.3304,99.1716,9.94E+01
868.2 ,99.1173,99.1457,99.3611,99.2587,9.97E+01
868.0 ,99.3761,99.2705,99.2721,98.9014,99.6174
867.8 ,99.0586,99.121,98.6662,98.9805,9.92E+01
867.6 ,98.9888,99.0996,98.6164,98.7859,99.3428
867.4 ,99.0825,99.0624,98.7871,98.8523,9.96E+01
867.2 ,99.0993,99.3653,99.2964,99.035,9.94E+01
867.0 ,99.1214,99.2558,99.081,98.9416,9.95E+01
866.8 ,98.7744,98.9388,98.613,98.805,9.92E+01
866.6 ,99.3223,99.3312,99.1614,99.168,9.93E+01
866.4 ,98.839,99.0031,98.859,99.0662,9.96E+01
866.2 ,99.3017,98.97,99.2854,99.0341,99.6235
866.0 ,99.3256,99.5728,99.3081,99.493,9.95E+01
865.8 ,98.9046,99.0924,98.6112,98.4972,9.92E+01
865.6 ,99.3222,99.3627,98.9892,99.254,99.7529
865.4 ,99.3379,99.2727,99.1682,99.068,9.98E+01
865.2 ,99.2453,99.2836,99.1571,99.4365,9.93E+01
865.0 ,99.2688,99.2107,99.6419,98.9101,9.96E+01
864.8 ,99.5483,99.7493,99.4563,99.4095,9.97E+01
864.6 ,99.0572,99.2339,99.1972,99.1694,9.91E+01
864.4 ,99.2832,99.5549,99.5126,99.2154,9.97E+01
864.2 ,99.6114,99.4429,99.5675,99.4276,9.96E+01
864.0 ,98.9749,99.2884,99.0797,99.0393,9.91E+01
863.8 ,99.1729,99.1749,99.1551,99.1399,9.93E+01
863.6 ,99.3136,99.6827,99.494,99.5899,9.93E+01
863.4 ,99.3895,99.1951,99.2846,99.4191,9.96E+01
863.2 ,99.4353,99.5657,99.5824,99.2564,9.92E+01
863.0 ,99.2886,99.2494,99.0335,99.4052,9.94E+01
862.8 ,99.313,99.1865,99.3357,99.3488,9.92E+01
862.6 ,99.2585,99.5042,99.5351,99.5673,99.4209
862.4 ,99.4165,99.6586,99.3277,99.254,9.96E+01
862.2 ,98.8632,98.8518,98.9011,99.2916,9.94E+01
862.0 ,99.3338,99.3453,99.0678,98.837,99.0468
861.8 ,98.7996,98.5285,98.8171,98.7247,9.87E+01
861.6 ,99.1713,99.2823,99.2725,98.8533,9.92E+01
861.4 ,99.0869,99.0578,99.0577,98.9317,99.3193
861.2 ,99.3585,99.117,99.3767,99.1463,9.91E+01
861.0 ,99.2768,99.207,98.7664,99.2743,9.94E+01
860.8 ,99.0728,99.3967,99.1929,99.2292,9.95E+01
860.6 ,99.1921,99.3791,99.3614,99.3618,99.338
860.4 ,99.0067,98.8923,99.3416,99.2203,99.1035
860.2 ,99.3933,99.4086,99.4855,99.2811,9.97E+01
860.0 ,99.2619,99.1284,99.3343,99.3583,99.252
859.8 ,98.9757,99.0048,99.1868,99.1622,99.3241
859.6 ,99.1094,99.1795,99.1104,99.1115,9.97E+01
859.4 ,99.0835,99.1526,99.4769,99.2828,9.92E+01
859.2 ,99.3588,99.616,99.5445,99.4656,9.99E+01
859.0 ,99.1309,99.5358,99.639,99.3186,9.99E+01
858.8 ,98.8879,99.4486,99.1378,99.2037,9.92E+01
858.6 ,99.309,99.6988,99.6385,99.4435,99.179
858.4 ,99.1816,99.376,99.2759,99.5833,9.93E+01
858.2 ,99.3436,99.3097,99.4979,99.0527,9.88E+01
858.0 ,99.2306,99.6995,99.3696,99.6536,9.96E+01
857.8 ,99.4188,99.3426,99.5318,99.558,99.631
857.6 ,99.295,99.2639,99.3048,99.5499,9.92E+01
857.4 ,99.0609,99.392,99.0867,99.1936,9.91E+01
857.2 ,99.8053,99.3876,99.665,99.7251,9.96E+01
857.0 ,99.5782,99.4971,99.3528,99.6242,9.92E+01
856.8 ,99.6015,99.6625,99.3974,99.5093,9.92E+01
856.6 ,99.3858,99.0442,99.1025,99.4049,99.2859
856.4 ,99.239,98.9368,99.3085,99.0854,9.89E+01
856.2 ,99.018,99.1077,98.8241,99.0754,9.89E+01
856.0 ,99.1319,99.0244,99.4439,99.2442,9.91E+01
855.8 ,99.3772,99.2212,99.363,99.4725,9.92E+01
855.6 ,99.3337,99.2166,99.2711,99.5769,9.94E+01
855.4 ,99.4688,99.5368,99.5705,99.4259,9.93E+01
855.2 ,98.9573,99.1068,99.0482,99.09,99.0955
855.0 ,99.3214,99.1328,99.1643,99.2149,9.92E+01
854.8 ,98.9705,99.2928,99.5229,99.5719,9.95E+01
854.6 ,99.2239,99.4469,99.6722,99.7099,9.94E+01
854.4 ,99.115,99.3446,99.236,99.6456,99.2812
854.2 ,99.2302,98.8319,99.1998,99.4602,9.95E+01
854.0 ,99.1165,99.0603,99.4311,98.8966,9.93E+01
853.8 ,99.7019,99.0178,99.5049,99.7613,99.3007
853.6 ,98.9091,98.9076,98.999,98.9345,9.95E+01
853.4 ,99.4792,99.2008,99.2638,99.7871,9.97E+01
853.2 ,99.5934,99.4235,99.5344,99.6723,9.99E+01
853.0 ,99.2274,99.5736,99.3549,99.1324,9.95E+01
852.8 ,99.3536,99.2001,99.3238,99.4534,9.95E+01
852.6 ,99.357,99.4115,99.441,99.3497,9.96E+01
852.4 ,99.3937,99.5097,99.6266,99.6561,9.95E+01
852.2 ,99.5572,99.6398,99.744,99.5088,9.99E+01
852.0 ,99.1606,99.3712,99.2778,99.0902,99.2387
851.8 ,99.7178,99.7461,99.7685,99.3486,9.93E+01
851.6 ,99.2159,99.7885,99.6738,99.6429,9.93E+01
851.4 ,99.5536,99.4675,99.477,99.5769,9.92E+01
851.2 ,99.5179,99.253,99.3592,99.6045,9.92E+01
851.0 ,99.9788,99.5632,99.5234,99.8704,9.95E+01
850.8 ,99.0126,99.528,99.4129,98.9922,9.90E+01
850.6 ,99.6635,99.667,99.6543,99.4115,9.93E+01
850.4 ,99.3368,99.295,99.2367,99.3867,9.91E+01
850.2 ,98.8703,99.2307,99.1123,99.1156,9.92E+01
850.0 ,98.4157,98.862,99.3544,99.3279,9.95E+01
849.8 ,98.5174,98.8166,99.2134,98.6568,99.0697
849.6 ,99.2563,98.7508,99.7348,99.5418,100.447
849.4 ,98.5542,98.3023,98.863,98.5449,98.837
849.2 ,98.9577,98.6396,98.8151,99.0617,9.91E+01
849.0 ,99.6264,99.3172,100.305,99.9397,99.7207
848.8 ,99.3664,98.8028,98.8832,100.033,99.7446
848.6 ,100.638,99.3021,99.238,100.082,100.072
848.4 ,98.0039,98.3521,98.5159,99.102,98.6992
848.2 ,99.1365,98.3742,98.6516,100.185,98.864
848.0 ,97.8462,98.6438,97.8391,98.4179,98.7195
847.8 ,98.1385,98.9719,98.7626,98.9586,98.763
847.6 ,98.5623,99.1211,98.9298,99.5232,99.9944
847.4 ,99.7269,99.5244,99.6075,100.097,99.8501
847.2 ,99.399,99.6844,99.6695,99.0865,100.034
847.0 ,98.6769,99.2592,99.3884,99.334,9.86E+01
846.8 ,99.5607,100.584,100.261,100.114,100.709
846.6 ,99.0394,99.1825,99.6532,99.6839,98.5362
846.4 ,99.1259,99.3408,98.831,99.8498,98.9227
846.2 ,98.084,97.9082,98.5893,97.7225,98.9811
846.0 ,99.0383,99.495,98.2689,99.1913,99.0979
845.8 ,99.3483,99.3766,99.0536,98.4639,99.305
845.6 ,99.2376,98.9759,98.4908,98.9353,98.9628
845.4 ,98.8147,98.2901,98.9747,98.6301,9.97E+01
845.2 ,99.1318,98.4775,99.0524,99.6344,99.178
845.0 ,98.8794,99.2591,98.2035,98.7732,99.1169
844.8 ,98.5251,99.0117,97.9707,98.3965,98.4204
844.6 ,98.4066,97.8874,98.0194,97.8721,97.366
844.4 ,98.4572,99.5091,98.6138,98.202,95.3542
844.2 ,98.6911,98.6885,98.1833,98.1297,9.31E+01
844.0 ,98.1315,98.547,98.8409,98.4391,90.6413
843.8 ,99.0481,99.1771,98.9801,98.7788,85.7543
843.6 ,99.3135,99.3612,99.0003,99.3728,80.326
843.4 ,97.6731,97.6408,97.8216,98.7023,72.2098
843.2 ,98.4544,97.7366,98.4013,98.4985,65.6911
843.0 ,95.2478,95.4747,96.0347,96.8531,57.285
842.8 ,94.1691,94.2402,94.8757,95.5858,48.8379
842.6 ,89.4533,90.538,90.4332,91.9481,40.5717
842.4 ,83.8242,85.4502,84.6646,87.1374,3.29E+01
842.2 ,77.7938,79.1096,79.8847,80.9166,26.5264
842.0 ,70.8636,71.7713,71.6264,73.8756,21.3547
841.8 ,62.4562,63.6764,63.9308,66.1067,16.8709
841.6 ,52.4426,54.223,54.266,56.9805,13.0683
841.4 ,44.4568,46.4019,45.8677,47.4841,10.3462
841.2 ,36.1793,38.2876,37.9413,39.7495,7.8099
841.0 ,29.73,31.061,31.1523,32.5087,6.69595
840.8 ,23.2193,24.5432,24.5189,25.8337,5.31784
840.6 ,17.986,19.2943,19.198,20.3632,4.05122
840.4 ,14.5699,15.134,15.11,16.2318,2.90194
840.2 ,11.3154,11.889,11.5985,12.6806,2.63414
840.0 ,8.57928,9.13895,9.42745,10.1021,2.06766
839.8 ,6.80023,7.08642,6.84763,7.27861,1.53784
839.6 ,5.34014,5.70949,5.47278,5.4544,1.15525
839.4 ,4.14067,4.42352,4.28033,4.23103,1.03253
839.2 ,3.35473,3.79107,3.24489,3.32906,0.92252
839.0 ,2.25717,2.98299,2.44122,2.62425,0.504351
838.8 ,2.15635,1.6716,2.53997,2.28578,0.674012
838.6 ,1.51411,1.97004,1.30344,1.51086,2.33E-01
838.4 ,0.957231,1.71914,1.00278,1.0534,0.013474
838.2 ,1.44166,0.703636,1.28882,1.06955,0.464824
838.0 ,0.817304,0.604311,0.792006,0.906045,0.013239
837.8 ,0.90693,0.860869,0.789365,0.68638,0.133872
837.6 ,0.777415,0.329589,0.967121,0.684275,3.45E-01
837.4 ,0.564986,0.45833,0.403885,0.38981,0.186182
837.2 ,0.498123,0.446317,0.357338,0.545231,1.03E-01
837.0 ,0.37037,0.077178,0.574884,0.714418,0.186224
836.8 ,0.257269,0.24785,0.326485,0.048898,0.149412
836.6 ,0.375177,0.358645,0.06385,0.093099,2.32E-01
836.4 ,0.65594,0.119223,0.253652,0.241531,0.338756
836.2 ,0.014741,0.120755,0.321747,0.011804,0.11534
836.0 ,0.161043,0.223069,0.014601,0.038025,0.070016
835.8 ,0.136192,0.115509,0.21096,0.083621,0.092603
835.6 ,0.103191,0.011488,0.04881,0.091288,0.129271
835.4 ,0.011257,0.258373,0.090323,0.169396,0.124833
835.2 ,0.243717,0.036505,0.179219,0.089582,0.327889
835.0 ,0.361504,0.318346,0.417703,0.238575,0.273498
834.8 ,0.251997,0.0137,0.187963,0.195818,2.71E-01
834.6 ,0.054125,0.228225,0.154605,0.444657,0.219368
834.4 ,0.331795,0.160015,0.233407,0.104504,0.266496
834.2 ,0.029095,0.010603,0.085309,0.229928,0.170369
834.0 ,0.039304,0.303847,0.136565,0.13888,0.023741
833.8 ,0.060068,0.090704,0.18071,0.062524,0.044317
833.6 ,0.167318,0.002551,0.051452,0.122825,0.054012
833.4 ,0.061281,0.104539,0.315891,0.104558,0.033427
833.2 ,0.032742,0.121026,0.063034,0.198026,0.306058
833.0 ,0.157851,0.230744,0.218643,0.012557,0.211232
832.8 ,0.360914,0.107133,0.378577,0.188735,1.68E-01
832.6 ,0.341323,0.029338,0.253963,0.107337,0.107937
832.4 ,0.291305,0.308709,0.260001,0.038995,0.070942
832.2 ,0.151303,0.096543,0.105942,0.096566,0.292258
832.0 ,0.028698,0.019143,0.076513,0.193651,0.165371
831.8 ,0.063988,0.056635,0.092591,0.056794,0.113579
831.6 ,0.072959,0,0.04691,0.128493,0.31951
831.4 ,0.071945,0.170073,0.044429,0.137465,0.196079
831.2 ,0.205815,0.303922,0.011596,0.229683,0.062842
831.0 ,0.23113,0.147738,0.187289,0.25144,0.085806
830.8 ,0.326025,0.107494,0.13055,0.34618,0.162692
830.6 ,0.01578,0.126396,0.27085,0.054159,0.072224
830.4 ,0.056529,0.053741,0.170524,0.105626,0.242999
830.2 ,0.230927,0.108503,0.020009,0.09765,5.35E-02
830.0 ,0.0373,0.131888,0.167269,0.195226,0.143194
829.8 ,0.069847,0.045776,0.115469,0.220661,0.125051
829.6 ,0.07589,0.067121,0.313797,0.086961,0.060948
829.4 ,0.15584,0.153158,0.156184,0.123115,0.097757
829.2 ,0.224097,0.042587,0.254142,0.298361,0.143268
829.0 ,0.231448,0.272742,0.160901,0.203202,0.222723
828.8 ,0.228274,0.217597,0.10687,0.050382,0.201281
828.6 ,0.106793,0.035609,0.077636,0.075165,0.309187
828.4 ,0.225944,0.10896,0.219601,0.160669,0.098155
828.2 ,0.05151,0.024755,0.166881,0.041145,0.0433
828.0 ,0.039027,0.047189,0.105177,0.088235,0.092353
827.8 ,0.039043,0.014296,0.014313,0.063486,0.17192
827.6 ,0.026489,0.073,0.042567,0.099891,0.162228
827.4 ,0.066438,0.042323,0.086817,0.022095,0.032326
827.2 ,0.161036,0.033953,0.047809,0.053735,0.071869
827.0 ,0.039871,0.189303,0.190736,0.232825,0.128023
826.8 ,0.125996,0.230077,0.275094,0.197254,0.187975
826.6 ,0.241127,0.015616,0.100054,0.289353,0.243835
826.4 ,0.16103,0.087536,0.025308,0.140048,0.185407
826.2 ,0.13005,0.133761,0.24604,0.036604,0.12464
826.0 ,0.032794,0.05952,0.021205,0.007718,0.164107
825.8 ,0.107092,0.086675,0.00764,0.063276,1.38E-01
825.6 ,0.137822,0.04575,0.07452,0.017194,0.207235
825.4 ,0.060513,0.198005,0.007554,0.060785,0.015217
825.2 ,0.02072,0.062188,0.128182,0.210516,0.133806
825.0 ,0.060261,0.020611,0.009378,0.270553,7.53E-03
824.8 ,0.165696,0.156797,0.050453,0.169992,2.05E-02
824.6 ,0.053961,0.230104,0.141089,0.13971,0.215395
824.4 ,0.031564,0.146911,0.009261,0.197845,2.58E-01
824.2 ,0.057297,0.220725,0.175702,0.184227,0.171446
824.0 ,0.02367,0.210682,0.167014,0.152526,0.051024
823.8 ,0.005465,0.138822,0.17407,0.038398,5.15E-02
823.6 ,0.041903,0.092852,0.123639,0.001816,0.052973
823.4 ,0.050658,0.057994,0.0938,0.084644,0.036243
823.2 ,0.030737,0.005407,0.101481,0.109862,5.98E-02
823.0 ,0.019701,0.057414,0.057547,0.143574,0.066663
822.8 ,0.17808,0.064441,0.026677,0.107069,0
822.6 ,0.108537,0.051779,0.044562,0.228477,0.014216
822.4 ,0.007094,0.042552,0.049648,0.075899,0.143366
822.2 ,0.194994,0.057901,0.082825,0.061516,0.033482
822.0 ,0.141523,0.102844,0.020915,0.040413,0.200639
821.8 ,0.126152,0.211285,0.085909,0.083951,0.0158
821.6 ,0.14068,0.158078,0.178855,0.236529,0.043483
821.4 ,0.248256,0.108603,0.062195,0.174481,0.214283
821.2 ,0.147042,0.220447,0.018951,0.179952,0.138647
821.0 ,0.111452,0.157642,0.056591,0.068512,0.144142
820.8 ,0.088937,0.122748,0.075115,0.087374,0.034194
820.6 ,0.213117,0.171746,0.046178,0.083998,0.048303
820.4 ,0.089912,0.032405,0.218237,0.144103,0.109298
820.2 ,0.081563,0.202915,0.096805,0.018612,0.028856
820.0 ,0.040857,0.061415,0.076872,0.041042,0.088648
819.8 ,0.114859,0.045481,0.035489,0.161642,0.074393
819.6 ,0.087069,0.046678,0,0.172553,0.033403
819.4 ,0.026804,0.045415,0.068701,0.072197,0.041911
819.2 ,0.020063,0.046776,0.013342,0.088567,2.01E-02
819.0 ,0.045045,0.118522,0.075523,0.066973,0.153715
818.8 ,0.031419,0.018304,0.038261,0.124372,0.051438
818.6 ,0.117313,0.204971,0.243181,0.032955,0.068086
818.4 ,0.028135,0.052753,0.013199,0.059431,2.64E-02
818.2 ,0.037603,0.054028,0.18988,0.059039,0.070479
818.0 ,0.045682,0.06512,0.117399,0.096317,0.008208
817.8 ,0.106607,0.031117,0.162416,0.105009,0.032823
817.6 ,0.151415,0.014653,0.248018,0.12886,0.209876
817.4 ,0.176818,0.267717,0.227656,0.006528,0.109874
817.2 ,0.006564,0.078389,0.045816,0.084964,0.02786
817.0 ,0.142258,0.234082,0.092146,0.0258,0.148591
816.8 ,0.155732,0.090817,0.013004,0.16208,0.112003
816.6 ,0.178856,0.011333,0.051789,0.090529,0.059727
816.4 ,0.077277,9.50E-02,0.01776,0.12381,0.081957
816.2 ,1.86E-01,0.123415,0.020905,0.168136,0.040209
816.0 ,0.059415,0.012819,0.020829,0.01287,0
815.8 ,0.063603,0.081297,1.12E-02,0.062161,0.07684
815.6 ,0.044584,0.112869,0.042901,0.132022,0.04454
815.4 ,0.082566,0,0.063499,0.036589,4.28E-02
815.2 ,0.030138,0.108,0.001593,0.055807,0
815.0 ,0.044333,0.03165,0.023717,0.061883,0.023818
814.8 ,0.170162,0.01888,0.056846,0.004743,0.048892
814.6 ,0.157687,0.017309,0.055076,0.011041,0.017344
814.4 ,0.119131,0.029982,0,0.086094,0.095747
814.2 ,1.26E-02,3.30E-02,0.056236,0.017266,2.67E-02
814.0 ,0.13628,1.10E-02,0.139581,0.006293,0.123729
813.8 ,0.160209,8.11E-02,1.87E-01,0.149429,0.120113
813.6 ,0.1571,0.105803,0.088949,0.037482,0.082985
813.4 ,2.97E-02,0.137247,3.60E-02,0.073414,0.035971
813.2 ,1.32E-01,1.06E-01,0.231094,0.0624,8.10E-02
813.0 ,7.26E-02,1.86E-02,0.06195,0.037027,9.13E-02
812.8 ,0.024653,0.060042,0.20351,0.184855,0.211206
812.6 ,0.158569,1.77E-01,0.214657,0.172954,0.179104
812.4 ,0.043061,0.084605,0.108677,0.237457,0.062902
812.2 ,0.135709,0.20957,0.148188,0.25773,1.53E-01
812.0 ,2.52E-01,1.65E-01,4.59E-03,0.044459,0.104261
811.8 ,0.007626,8.98E-02,0.086905,0.04733,0
811.6 ,0.085589,8.55E-02,0.120705,0.099468,1.84E-01
811.4 ,6.10E-03,0.060945,0.042604,0.05003,0.004573
811.2 ,0.090937,0.01823,0.146432,0.012206,0.044164
811.0 ,1.83E-02,1.22E-02,1.93E-01,0.050252,4.42E-02
810.8 ,0.060858,0.065776,0.06094,0.06864,0.006122
810.6 ,0.0302,0.092444,0.004546,0.018222,0.066876
810.4 ,4.82E-02,0.012128,0.127186,0,0.101556
810.2 ,0.013611,0.096563,0.028634,0.198794,2.42E-02
810.0 ,0.114465,0.004526,0.019554,0.036308,0.068067
809.8 ,0.055446,0.010506,0.094769,0.007531,0.156542
809.6 ,0.012035,0.024072,0.144068,0.004511,0.09185
809.4 ,0.013545,0.043528,0.036054,0.097758,0.060247
809.2 ,0,0,0.012044,0.018003,0.030097
809.0 ,0.028473,0.054051,0.112411,0.029967,0.234188
808.8 ,0.077602,0.022436,0.035854,0.046401,0.119748
808.6 ,0.048027,0.067343,0.077927,0.073401,0.066206
808.4 ,0.135839,0.017916,0.10852,0.001497,0.095469
808.2 ,0.016411,0.108879,0.005949,0.10723,0.022351
808.0 ,0.011868,0.011875,0.025283,0.111409,0.160875
807.8 ,0.066708,0.108072,0.0476,0.051978,0.011866
807.6 ,0.013297,0.017816,0.100635,0.124332,2.97E-02
807.4 ,0.025246,0.05499,0.170656,0.019276,0.043048
807.2 ,0.143048,0.140361,0.058998,0.204916,0.119596
807.0 ,0.041415,0.11083,0.19482,0.131455,0.09932
806.8 ,0.05311,0.0781,0.07654,0.117455,0.048655
806.6 ,0.122396,0.069085,0.21744,0.129788,0.030874
806.4 ,0.198823,0.123654,0.092649,0.02497,0.196251
806.2 ,0.035162,0.134184,0.112464,0.200702,0.200738
806.0 ,0.00146,0.167577,0.159007,0.091859,0.021946
805.8 ,0.06431,0.128838,0.239683,0.093476,0.151634
805.6 ,0.186608,0.093299,0.176403,0.182387,0.170922
805.4 ,0.194135,0.117145,0.192187,0.068953,0.146862
805.2 ,0.050768,0.065334,0.152668,0.202907,0.203767
805.0 ,0.085794,0.126305,0.152596,0.103209,1.57E-01
804.8 ,0.023331,0.058384,0,0.027626,0.16245
804.6 ,0.093186,0.232471,0.196047,0.040769,0.029227
804.4 ,0.091436,0.021747,0.102802,0.013033,0.052317
804.2 ,0.057832,0.203108,0.133374,0.024597,0.1566
804.0 ,0.042102,0.004346,0.075364,0.120216,1.78E-01
803.8 ,0.120895,0.050439,0.027424,0.114162,0.171663
803.6 ,0.081786,0.10362,0.078963,0.057549,0.143826
803.4 ,0.034486,0.091904,0.01728,0.162784,0.018779
803.2 ,0.082015,0.137816,0.067494,0.038691,0.035852
803.0 ,0.091714,0.001439,0.010071,0.076232,0.021609
802.8 ,0.173339,0.096062,0.017224,0.010023,2.73E-02
802.6 ,0.086115,0.011504,0.063087,0.118573,0.022922
802.4 ,0.034264,0.007141,0,0.156077,0.068682
802.2 ,0.038462,0.104373,0.009981,0.078532,0.154076
802.0 ,0.011446,0.017146,0,0.107046,0.007174
801.8 ,0.022836,0.040055,0.021425,0.017131,1.32E-01
801.6 ,0.058509,0.022857,0.055579,0.0471,9.12E-02
801.4 ,0.114011,0.075552,0,0.024196,1.88E-01
801.2 ,0.039932,0,0.01562,0.095499,0.114149
801.0 ,0.05142,0.029955,0.017106,0.009967,1.75E-01
800.8 ,0.120239,0.033989,0.028338,0.033937,0.034143
800.6 ,0.02966,0.022678,0.079308,0.005653,4.95E-02
800.4 ,0.094418,0.009863,0.062007,0.016935,1.83E-02
800.2 ,0.056472,0.057972,0.00563,0.124368,0.04516
800.0 ,0.007063,0.049395,0.055146,0.083344,0.112898